,,,,,Games,Games,Receiving,Receiving,Receiving,Receiving,Receiving,Receiving,Receiving,Receiving,Receiving,Receiving,Receiving,Receiving,Rushing,Rushing,Rushing,Rushing,Rushing,Rushing,Rushing,Rushing,Rushing,Total Yds,Total Yds,Total Yds,,,-additional
Rk,Player,Tm,Age,Pos,G,GS,Tgt,Rec,Yds,Y/R,TD,1D,Succ%,Lng,R/G,Y/G,Ctch%,Y/Tgt,Att,Yds,TD,1D,Succ%,Lng,Y/A,Y/G,A/G,Touch,Y/Tch,YScm,RRTD,Fmb,-9999
1,Christian McCaffrey*+,SFO,27,RB,16,16,83,67,564,8.4,7,31,55.4,41,4.2,35.3,80.7%,6.8,272,1459,14,83,54.0,72,5.4,91.2,17.0,339,6.0,2023,21,3,McCaCh01
2,CeeDee Lamb*+,DAL,24,WR,17,17,181,135,1749,13.0,12,80,63.5,92,7.9,102.9,74.6%,9.7,14,113,2,6,85.7,24,8.1,6.6,0.8,149,12.5,1862,14,3,LambCe00
3,Tyreek Hill*+,MIA,29,WR,16,16,171,119,1799,15.1,13,83,57.9,78,7.4,112.4,69.6%,10.5,6,15,0,2,33.3,14,2.5,0.9,0.4,125,14.5,1814,13,1,HillTy00
4,Breece Hall,NYJ,22,RB,17,16,95,76,591,7.8,4,28,40.0,50,4.5,34.8,80.0%,6.2,223,994,5,40,39.5,83,4.5,58.5,13.1,299,5.3,1585,9,2,HallBr03
5,Puka Nacua*,LAR,22,WR,17,17,160,105,1486,14.2,6,68,56.9,80,6.2,87.4,65.6%,9.3,12,89,0,5,58.3,31,7.4,5.2,0.7,117,13.5,1575,6,1,NacuPu00
6,James Cook*,BUF,24,RB,17,13,54,44,445,10.1,4,16,59.3,48,2.6,26.2,81.5%,8.2,237,1122,2,53,55.7,42,4.7,66.0,13.9,281,5.6,1567,6,4,CookJa01
7,Amon-Ra St. Brown*+,DET,24,WR,16,16,164,119,1515,12.7,10,75,61.6,70,7.4,94.7,72.6%,9.2,4,24,0,2,75.0,11,6.0,1.5,0.3,123,12.5,1539,10,1,StxxAm00
8,Rachaad White,TAM,24,RB,17,17,70,64,549,8.6,3,23,54.3,43,3.8,32.3,91.4%,7.8,272,990,6,46,40.8,38,3.6,58.2,16.0,336,4.6,1539,9,3,WhitRa01
9,Travis Etienne,JAX,24,RB,17,17,73,58,476,8.2,1,23,49.3,56,3.4,28.0,79.5%,6.5,267,1008,11,53,43.1,62,3.8,59.3,15.7,325,4.6,1484,12,,EtieTr00
10,Bijan Robinson,ATL,21,RB,17,16,86,58,487,8.4,4,24,45.3,71,3.4,28.6,67.4%,5.7,214,976,4,50,43.5,38,4.6,57.4,12.6,272,5.4,1463,8,4,RobiBi01
11,A.J. Brown*,PHI,26,WR,17,17,158,106,1456,13.7,7,70,56.3,59,6.2,85.6,67.1%,9.2,,,0,0,,,,,,106,13.7,1456,7,2,BrowAJ00
12,Joe Mixon,CIN,27,RB,17,17,64,52,376,7.2,3,14,54.7,45,3.1,22.1,81.3%,5.9,257,1034,9,59,49.4,44,4.0,60.8,15.1,309,4.6,1410,12,,MixoJo00
13,D.J. Moore,CHI,26,WR,17,17,136,96,1364,14.2,8,64,59.6,58,5.6,80.2,70.6%,10.0,4,21,1,1,50.0,16,5.3,1.2,0.2,100,13.9,1385,9,1,MoorD.00
14,Derrick Henry*,TEN,29,RB,17,17,36,28,214,7.6,0,7,44.4,46,1.6,12.6,77.8%,5.9,280,1167,12,63,46.1,69,4.2,68.6,16.5,308,4.5,1381,12,,HenrDe00
15,Kyren Williams*,LAR,23,RB,12,11,48,32,206,6.4,3,9,43.8,24,2.7,17.2,66.7%,4.3,228,1144,12,62,59.6,56,5.0,95.3,19.0,260,5.2,1350,15,3,WillKy02
16,Brandon Aiyuk,SFO,25,WR,16,16,105,75,1342,17.9,7,61,70.5,76,4.7,83.9,71.4%,12.8,,,0,0,,,,,,75,17.9,1342,7,1,AiyuBr00
17,Tony Pollard,DAL,26,RB,17,17,67,55,311,5.7,0,12,43.3,60,3.2,18.3,82.1%,4.6,252,1005,6,56,50.0,31,4.0,59.1,14.8,307,4.3,1316,6,3,PollTo00
18,Nico Collins,HOU,24,WR,15,10,109,80,1297,16.2,8,53,61.5,75,5.3,86.5,73.4%,11.9,1,7,0,0,100.0,7,7.0,0.5,0.1,81,16.1,1304,8,1,CollNi00
19,D'Andre Swift*,PHI,24,RB,16,15,49,39,214,5.5,1,8,42.9,20,2.4,13.4,79.6%,4.4,229,1049,5,50,54.1,43,4.6,65.6,14.3,268,4.7,1263,6,3,SwifDA00
20,Jahmyr Gibbs*,DET,21,RB,15,3,71,52,316,6.1,1,20,46.5,24,3.5,21.1,73.2%,4.5,182,945,10,42,46.7,36,5.2,63.0,12.1,234,5.4,1261,11,2,GibbJa01
21,Mike Evans*,TAM,30,WR,17,17,136,79,1255,15.9,13,54,53.7,75,4.6,73.8,58.1%,9.2,,,0,0,,,,,,79,15.9,1255,13,,EvanMi00
22,Amari Cooper*,CLE,29,WR,15,15,128,72,1250,17.4,5,50,53.1,75,4.8,83.3,56.3%,9.8,,,0,0,,,,,,72,17.4,1250,5,2,CoopAm00
23,Keenan Allen*,LAC,31,WR,13,13,150,108,1243,11.5,7,57,58.7,42,8.3,95.6,72.0%,8.3,2,6,0,1,100.0,4,3.0,0.5,0.2,110,11.4,1249,7,2,AlleKe00
24,Saquon Barkley,NYG,26,RB,14,14,60,41,280,6.8,4,16,43.3,46,2.9,20.0,68.3%,4.7,247,962,6,51,40.1,36,3.9,68.7,17.6,288,4.3,1242,10,2,BarkSa00
25,Ja'Marr Chase*,CIN,23,WR,16,16,145,100,1216,12.2,7,63,56.6,76,6.3,76.0,69.0%,8.4,3,-6,0,0,0.0,2,-2.0,-0.4,0.2,103,11.7,1210,7,1,ChasJa00
26,James Conner,ARI,28,RB,13,13,33,27,165,6.1,2,11,39.4,34,2.1,12.7,81.8%,5.0,208,1040,7,57,49.5,44,5.0,80.0,16.0,235,5.1,1205,9,,ConnJa00
27,Najee Harris,PIT,25,RB,17,17,38,29,170,5.9,0,9,50.0,32,1.7,10.0,76.3%,4.5,255,1035,8,51,48.2,25,4.1,60.9,15.0,284,4.2,1205,8,2,HarrNa00
28,Stefon Diggs*,BUF,30,WR,17,17,160,107,1183,11.1,8,58,55.0,55,6.3,69.6,66.9%,7.4,1,5,0,1,100.0,5,5.0,0.3,0.1,108,11.0,1188,8,2,DiggSt00
29,Raheem Mostert*,MIA,31,RB,15,15,32,25,175,7.0,3,6,40.6,22,1.7,11.7,78.1%,5.5,209,1012,18,59,55.0,49,4.8,67.5,13.9,234,5.1,1187,21,4,MostRa00
30,Isiah Pacheco,KAN,24,RB,14,13,49,44,244,5.5,2,12,44.9,33,3.1,17.4,89.8%,5.0,205,935,7,53,50.7,48,4.6,66.8,14.6,249,4.7,1179,9,1,PachIs00
31,Kenneth Walker III,SEA,23,RB,15,15,37,29,259,8.9,1,9,43.2,64,1.9,17.3,78.4%,7.0,219,905,8,46,46.6,45,4.1,60.3,14.6,248,4.7,1164,9,1,WalkKe00
32,Alvin Kamara,NOR,28,RB,13,12,86,75,466,6.2,1,23,45.3,25,5.8,35.8,87.2%,5.4,180,694,5,42,48.3,17,3.9,53.4,13.8,255,4.5,1160,6,,KamaAl00
33,George Pickens,PIT,22,WR,17,16,106,63,1140,18.1,5,42,50.9,86,3.7,67.1,59.4%,10.8,3,18,0,2,66.7,16,6.0,1.1,0.2,66,17.5,1158,5,3,PickGe00
34,Jaylen Warren,PIT,25,RB,17,0,74,61,370,6.1,0,19,44.6,30,3.6,21.8,82.4%,5.0,149,784,4,36,49.7,74,5.3,46.1,8.8,210,5.5,1154,4,4,WarrJa01
35,Michael Pittman Jr.,IND,26,WR,16,15,156,109,1152,10.6,4,53,51.9,75,6.8,72.0,69.9%,7.4,,,0,0,,,,,,109,10.6,1152,4,2,PittMi01
36,Davante Adams,LVR,31,WR,17,17,175,103,1144,11.1,8,59,48.6,46,6.1,67.3,58.9%,6.5,,,0,0,,,,,,103,11.1,1144,8,,AdamDa01
37,Chuba Hubbard,CAR,24,RB,17,12,44,39,233,6.0,0,9,36.4,25,2.3,13.7,88.6%,5.3,238,902,5,59,47.5,22,3.8,53.1,14.0,277,4.1,1135,5,1,HubbCh01
38,Jerome Ford,CLE,24,RB,17,12,63,44,319,7.3,5,16,41.3,50,2.6,18.8,69.8%,5.1,204,813,4,33,39.7,69,4.0,47.8,12.0,248,4.6,1132,9,1,FordJe00
39,David Montgomery,DET,26,RB,14,14,24,16,117,7.3,0,7,54.2,19,1.1,8.4,66.7%,4.9,219,1015,13,59,54.8,75,4.6,72.5,15.6,235,4.8,1132,13,2,MontDa01
40,Chris Olave,NOR,23,WR,16,11,138,87,1123,12.9,5,57,53.6,51,5.4,70.2,63.0%,8.1,,,0,0,,,,,,87,12.9,1123,5,,OlavCh00
41,Deebo Samuel,SFO,27,WR,15,15,89,60,892,14.9,7,34,56.2,54,4.0,59.5,67.4%,10.0,37,225,5,13,67.6,23,6.1,15.0,2.5,97,11.5,1117,12,1,SamuDe00
42,D.K. Metcalf*,SEA,26,WR,16,16,119,66,1114,16.9,8,52,51.3,73,4.1,69.6,55.5%,9.4,,,0,0,,,,,,66,16.9,1114,8,,MetcDK00
43,Josh Jacobs,LVR,25,RB,13,13,54,37,296,8.0,0,15,55.6,21,2.8,22.8,68.5%,5.5,233,805,6,34,45.9,63,3.5,61.9,17.9,270,4.1,1101,6,3,JacoJo01
44,Brian Robinson Jr.,WAS,24,RB,15,15,43,36,368,10.2,4,15,53.5,51,2.4,24.5,83.7%,8.6,178,733,5,47,47.8,29,4.1,48.9,11.9,214,5.1,1101,9,4,RobiBr01
45,Devin Singletary,HOU,26,RB,17,10,38,30,193,6.4,0,7,36.8,41,1.8,11.4,78.9%,5.1,216,898,4,41,47.7,24,4.2,52.8,12.7,246,4.4,1091,4,1,SingDe00
46,DeAndre Hopkins,TEN,31,WR,17,16,137,75,1057,14.1,7,48,43.8,61,4.4,62.2,54.7%,7.7,2,9,0,0,100.0,5,4.5,0.5,0.1,77,13.8,1066,7,,HopkDe00
47,DeVonta Smith,PHI,25,WR,16,16,112,81,1066,13.2,7,47,55.4,63,5.1,66.6,72.3%,9.5,,,0,0,,,,,,81,13.2,1066,7,1,SmitDe07
48,Austin Ekeler,LAC,28,RB,14,14,74,51,436,8.5,1,20,43.2,39,3.6,31.1,68.9%,5.9,179,628,5,34,47.5,55,3.5,44.9,12.8,230,4.6,1064,6,5,EkelAu00
49,Chris Godwin,TAM,27,WR,17,17,130,83,1024,12.3,2,53,50.0,47,4.9,60.2,63.8%,7.9,4,38,1,3,75.0,19,9.5,2.2,0.2,87,12.2,1062,3,,GodwCh00
50,Justin Jefferson,MIN,24,WR,10,9,100,68,1074,15.8,5,51,61.0,52,6.8,107.4,68.0%,10.7,1,-12,0,0,0.0,-12,-12.0,-1.2,0.1,69,15.4,1062,5,1,JeffJu00
51,Garrett Wilson,NYJ,23,WR,17,17,168,95,1042,11.0,3,47,44.0,68,5.6,61.3,56.5%,6.2,4,0,0,1,50.0,6,0.0,0.0,0.2,99,10.5,1042,3,2,WilsGa00
52,Calvin Ridley,JAX,29,WR,17,17,136,76,1016,13.4,8,49,48.5,59,4.5,59.8,55.9%,7.5,9,23,0,3,33.3,18,2.6,1.4,0.5,85,12.2,1039,8,1,RidlCa00
53,Jaylen Waddle,MIA,25,WR,14,14,104,72,1014,14.1,4,47,58.7,60,5.1,72.4,69.2%,9.8,3,12,0,1,33.3,12,4.0,0.9,0.2,75,13.7,1026,4,,WaddJa00
54,George Kittle*+,SFO,30,TE,16,16,90,65,1020,15.7,6,42,60.0,66,4.1,63.8,72.2%,11.3,1,2,0,1,100.0,2,2.0,0.1,0.1,66,15.5,1022,6,,KittGe00
55,Adam Thielen,CAR,33,WR,17,17,137,103,1014,9.8,4,56,58.4,32,6.1,59.6,75.2%,7.4,1,6,0,0,100.0,6,6.0,0.4,0.1,104,9.8,1020,4,2,ThieAd00
56,Terry McLaurin,WAS,28,WR,17,17,132,79,1002,12.7,4,47,49.2,48,4.6,58.9,59.8%,7.6,,,0,0,,,,,,79,12.7,1002,4,,McLaTe00
57,Javonte Williams,DEN,23,RB,16,13,58,47,228,4.9,2,10,48.3,18,2.9,14.3,81.0%,3.9,217,774,3,41,40.6,21,3.6,48.4,13.6,264,3.8,1002,5,1,WillJa10
58,De'Von Achane,MIA,22,RB,11,4,37,27,197,7.3,3,10,48.6,23,2.5,17.9,73.0%,5.3,103,800,8,30,54.4,76,7.8,72.7,9.4,130,7.7,997,11,1,AchaDe00
59,Gus Edwards,BAL,28,RB,17,9,13,12,180,15.0,0,5,69.2,80,0.7,10.6,92.3%,13.8,198,810,13,49,54.0,42,4.1,47.6,11.6,210,4.7,990,13,3,EdwaGu00
60,Zack Moss,IND,26,RB,14,8,37,27,192,7.1,2,10,35.1,26,1.9,13.7,73.0%,5.2,183,794,5,43,49.2,56,4.3,56.7,13.1,210,4.7,986,7,,MossZa00
61,Travis Kelce*,KAN,34,TE,15,15,121,93,984,10.6,5,50,62.0,53,6.2,65.6,76.9%,8.1,,,0,0,,,,,,93,10.6,984,5,1,KelcTr00
62,Evan Engram*,JAX,29,TE,17,15,143,114,963,8.4,4,47,53.1,34,6.7,56.6,79.7%,6.7,,,0,0,,,,,,114,8.4,963,4,3,EngrEv00
63,T.J. Hockenson,MIN,26,TE,15,11,127,95,960,10.1,5,48,53.5,29,6.3,64.0,74.8%,7.6,,,0,0,,,,,,95,10.1,960,5,1,HockTJ00
64,Ezekiel Elliott,NWE,28,RB,17,5,65,51,313,6.1,2,12,40.0,23,3.0,18.4,78.5%,4.8,184,642,3,33,45.1,17,3.5,37.8,10.8,235,4.1,955,5,2,ElliEz00
65,Rashee Rice,KAN,23,WR,16,8,102,79,938,11.9,7,44,61.8,67,4.9,58.6,77.5%,9.2,1,-3,0,0,0.0,-3,-3.0,-0.2,0.1,80,11.7,935,7,2,RiceRa01
66,Zay Flowers,BAL,23,WR,16,16,108,77,858,11.1,5,41,55.6,75,4.8,53.6,71.3%,7.9,8,56,1,1,50.0,37,7.0,3.5,0.5,85,10.8,914,6,,FlowZa00
67,Jordan Addison,MIN,21,WR,17,14,108,70,911,13.0,10,38,50.0,62,4.1,53.6,64.8%,8.4,1,2,0,0,0.0,2,2.0,0.1,0.1,71,12.9,913,10,,AddiJo00
68,Jayden Reed,GNB,23,WR,16,13,94,64,793,12.4,8,32,51.1,59,4.0,49.6,68.1%,8.4,11,119,2,6,54.5,32,10.8,7.4,0.7,75,12.2,912,10,2,ReedJa03
69,Drake London,ATL,22,WR,16,16,110,69,905,13.1,2,45,52.7,45,4.3,56.6,62.7%,8.2,,,0,0,,,,,,69,13.1,905,2,,LondDr00
70,Tyler Lockett,SEA,31,WR,17,17,122,79,894,11.3,5,47,58.2,37,4.6,52.6,64.8%,7.3,,,0,0,,,,,,79,11.3,894,5,,LockTy00
71,Jonathan Taylor,IND,24,RB,10,7,23,19,153,8.1,1,5,43.5,40,1.9,15.3,82.6%,6.7,169,741,7,42,49.1,49,4.4,74.1,16.9,188,4.8,894,8,1,TaylJo02
72,Sam LaPorta*,DET,22,TE,17,14,120,86,889,10.3,10,48,55.8,48,5.1,52.3,71.7%,7.4,1,4,0,0,100.0,4,4.0,0.2,0.1,87,10.3,893,10,,LaPoSa01
73,Alexander Mattison,MIN,25,RB,16,13,44,30,192,6.4,3,5,34.1,47,1.9,12.0,68.2%,4.4,180,700,0,28,45.0,21,3.9,43.8,11.3,210,4.2,892,3,3,MattAl01
74,Aaron Jones,GNB,29,RB,11,11,43,30,233,7.8,1,13,39.5,51,2.7,21.2,69.8%,5.4,142,656,2,34,62.0,39,4.6,59.6,12.9,172,5.2,889,3,2,JoneAa00
75,David Njoku*,CLE,27,TE,16,16,123,81,882,10.9,6,35,43.9,43,5.1,55.1,65.9%,7.2,,,0,0,,,,,,81,10.9,882,6,2,NjokDa00
76,Tyler Allgeier,ATL,23,RB,17,3,23,18,193,10.7,1,6,39.1,75,1.1,11.4,78.3%,8.4,186,683,4,39,48.4,31,3.7,40.2,10.9,204,4.3,876,5,,AllgTy00
77,Rhamondre Stevenson,NWE,25,RB,12,12,51,38,238,6.3,0,8,35.3,34,3.2,19.8,74.5%,4.7,156,619,4,36,49.4,64,4.0,51.6,13.0,194,4.4,857,4,1,StevRh00
78,Tyjae Spears,TEN,22,RB,17,1,70,52,385,7.4,1,17,34.3,48,3.1,22.6,74.3%,5.5,100,453,2,24,44.0,23,4.5,26.6,5.9,152,5.5,838,3,1,SpeaTy00
79,AJ Dillon,GNB,25,RB,15,6,28,22,223,10.1,0,10,57.1,35,1.5,14.9,78.6%,8.0,178,613,2,32,50.0,40,3.4,40.9,11.9,200,4.2,836,2,,DillAJ00
80,Jakobi Meyers,LVR,27,WR,16,16,106,71,807,11.4,8,46,54.7,33,4.4,50.4,67.0%,7.6,4,24,2,3,75.0,17,6.0,1.5,0.3,75,11.1,831,10,,MeyeJa01
81,Trey McBride,ARI,24,TE,17,12,106,81,825,10.2,3,42,57.5,38,4.8,48.5,76.4%,7.8,,,0,0,,,,,,81,10.2,825,3,1,McBrTr01
82,Lamar Jackson*+,BAL,26,QB,16,16,,,,,0,0,,,,,,,148,821,5,48,54.1,30,5.5,51.3,9.3,148,5.5,821,5,11,JackLa00
83,Christian Kirk,JAX,27,WR,12,12,85,57,787,13.8,3,34,57.6,57,4.8,65.6,67.1%,9.3,1,6,0,0,100.0,6,6.0,0.5,0.1,58,13.7,793,3,2,KirkCh01
84,Courtland Sutton,DEN,28,WR,16,14,90,59,772,13.1,10,37,54.4,46,3.7,48.3,65.6%,8.6,,,0,0,,,,,,59,13.1,772,10,3,SuttCo00
85,Josh Downs,IND,22,WR,17,9,98,68,771,11.3,2,30,50.0,59,4.0,45.4,69.4%,7.9,,,0,0,,,,,,68,11.3,771,2,,DownJo00
86,Darius Slayton,NYG,26,WR,17,13,79,50,770,15.4,4,29,49.4,80,2.9,45.3,63.3%,9.7,,,0,0,,,,,,50,15.4,770,4,,SlayDa01
87,Jake Ferguson*,DAL,24,TE,17,16,102,71,761,10.7,5,40,55.9,40,4.2,44.8,69.6%,7.5,,,0,0,,,,,,71,10.7,761,5,,FergJa00
88,Tank Dell,HOU,24,WR,11,8,75,47,709,15.1,7,34,54.7,68,4.3,64.5,62.7%,9.5,11,51,0,3,54.5,13,4.6,4.6,1.0,58,13.1,760,7,1,DellNa00
89,Jerry Jeudy,DEN,24,WR,16,11,87,54,758,14.0,2,28,46.0,47,3.4,47.4,62.1%,8.7,,,0,0,,,,,,54,14.0,758,2,1,JeudJe00
90,Rashid Shaheed*+,NOR,25,WR,15,8,75,46,719,15.6,5,27,46.7,58,3.1,47.9,61.3%,9.6,7,37,0,1,85.7,12,5.3,2.5,0.5,53,14.3,756,5,1,ShahRa00
91,Khalil Herbert,CHI,25,RB,12,9,31,20,134,6.7,1,9,41.9,23,1.7,11.2,64.5%,4.3,132,611,2,25,49.2,38,4.6,50.9,11.0,152,4.9,745,3,1,HerbKh00
92,Gabriel Davis,BUF,24,WR,17,17,81,45,746,16.6,7,34,53.1,57,2.6,43.9,55.6%,9.2,1,-2,0,0,0.0,-2,-2.0,-0.1,0.1,46,16.2,744,7,1,DaviGa01
93,Cooper Kupp,LAR,30,WR,12,12,95,59,737,12.5,5,33,49.5,62,4.9,61.4,62.1%,7.8,1,-3,0,0,0.0,-3,-3.0,-0.3,0.1,60,12.2,734,5,,KuppCo00
94,Cole Kmet,CHI,24,TE,17,17,90,73,719,9.8,6,36,62.2,53,4.3,42.3,81.1%,8.0,3,2,0,2,66.7,1,0.7,0.1,0.2,76,9.5,721,6,1,KmetCo00
95,Diontae Johnson,PIT,27,WR,13,11,87,51,717,14.1,5,37,52.9,71,3.9,55.2,58.6%,8.2,,,0,0,,,,,,51,14.1,717,5,1,JohnDi01
96,Samaje Perine,DEN,28,RB,17,1,56,50,455,9.1,0,23,67.9,29,2.9,26.8,89.3%,8.1,53,238,1,14,50.9,24,4.5,14.0,3.1,103,6.7,693,1,3,PeriSa00
97,Brandin Cooks,DAL,30,WR,16,15,81,54,657,12.2,8,38,59.3,37,3.4,41.1,66.7%,8.1,5,35,0,1,60.0,14,7.0,2.2,0.3,59,11.7,692,8,1,CookBr00
98,Taysom Hill,NOR,33,QB,16,7,40,33,291,8.8,2,11,57.5,36,2.1,18.2,82.5%,7.3,81,401,4,26,64.2,27,5.0,25.1,5.1,114,6.1,692,6,1,HillTa00
99,Tyler Boyd,CIN,29,WR,17,13,98,67,667,10.0,2,28,46.9,64,3.9,39.2,68.4%,6.8,2,11,0,1,100.0,6,5.5,0.6,0.1,69,9.8,678,2,,BoydTy00
100,Romeo Doubs,GNB,23,WR,17,16,96,59,674,11.4,8,41,51.0,36,3.5,39.6,61.5%,7.0,,,0,0,,,,,,59,11.4,674,8,1,DoubRo00
101,Dalton Kincaid,BUF,24,TE,16,11,91,73,673,9.2,2,29,61.5,51,4.6,42.1,80.2%,7.4,,,0,0,,,,,,73,9.2,673,2,1,KincDa00
102,Zach Charbonnet,SEA,22,RB,16,2,40,33,209,6.3,0,7,45.0,39,2.1,13.1,82.5%,5.2,108,462,1,32,49.1,23,4.3,28.9,6.8,141,4.8,671,1,,CharZa00
103,Kyle Pitts,ATL,23,TE,17,15,90,53,667,12.6,3,35,52.2,39,3.1,39.2,58.9%,7.4,1,-4,0,0,0.0,-4,-4.0,-0.2,0.1,54,12.3,663,3,,PittKy00
104,Justin Fields,CHI,24,QB,13,13,,,,,0,0,,,,,,,124,657,4,43,52.4,39,5.3,50.5,9.5,124,5.3,657,4,10,FielJu00
105,Tee Higgins,CIN,24,WR,12,11,76,42,656,15.6,5,33,53.9,80,3.5,54.7,55.3%,8.6,,,0,0,,,,,,42,15.6,656,5,,HiggTe00
106,Antonio Gibson,WAS,25,RB,16,2,59,48,389,8.1,2,19,44.1,41,3.0,24.3,81.4%,6.6,65,265,1,13,43.1,16,4.1,16.6,4.1,113,5.8,654,3,4,GibsAn00
107,Curtis Samuel,WAS,27,WR,16,13,91,62,613,9.9,4,26,50.5,37,3.9,38.3,68.1%,6.7,7,39,1,4,71.4,15,5.6,2.4,0.4,69,9.4,652,5,,SamuCu00
108,Elijah Moore,CLE,23,WR,17,12,104,59,640,10.8,2,29,42.3,42,3.5,37.6,56.7%,6.2,9,11,0,2,33.3,19,1.2,0.6,0.5,68,9.6,651,2,2,MoorEl00
109,Dalton Schultz,HOU,27,TE,15,8,88,59,635,10.8,5,35,52.3,31,3.9,42.3,67.0%,7.2,,,0,0,,,,,,59,10.8,635,5,1,SchuDa00
110,Jaxon Smith-Njigba,SEA,21,WR,17,3,93,63,628,10.0,4,29,47.3,35,3.7,36.9,67.7%,6.8,,,0,0,,,,,,63,10.0,628,4,,SmitJa06
111,Tyler Conklin,NYJ,28,TE,17,12,87,61,621,10.2,0,27,44.8,37,3.6,36.5,70.1%,7.1,1,0,0,0,0.0,0,0.0,0.0,0.1,62,10.0,621,0,,ConkTy00
112,Khalil Shakir,BUF,23,WR,17,10,45,39,611,15.7,2,26,73.3,81,2.3,35.9,86.7%,13.6,1,10,0,1,100.0,10,10.0,0.6,0.1,40,15.5,621,2,1,ShakKh00
113,Ty Chandler,MIN,25,RB,17,4,25,21,159,7.6,0,7,48.0,19,1.2,9.4,84.0%,6.4,102,461,3,20,45.1,31,4.5,27.1,6.0,123,5.0,620,3,,ChanTy01
114,Wan'Dale Robinson,NYG,22,WR,15,8,78,60,525,8.8,1,29,53.8,33,4.0,35.0,76.9%,6.7,9,87,1,4,66.7,32,9.7,5.8,0.6,69,8.9,612,2,,RobiWa01
115,Josh Reynolds,DET,28,WR,17,13,64,40,608,15.2,5,32,56.3,33,2.4,35.8,62.5%,9.5,,,0,0,,,,,,40,15.2,608,5,1,ReynJo00
116,Jalen Hurts*,PHI,25,QB,17,17,,,,,0,0,,,,,,,157,605,15,68,61.1,24,3.9,35.6,9.2,157,3.9,605,15,9,HurtJa00
117,Demario Douglas,NWE,23,WR,14,7,79,49,561,11.4,0,26,45.6,42,3.5,40.1,62.0%,7.1,8,41,0,2,62.5,20,5.1,2.9,0.6,57,10.6,602,0,3,DougDe00
118,Marquise Brown,ARI,26,WR,14,14,101,51,574,11.3,4,32,42.6,41,3.6,41.0,50.5%,5.7,2,23,0,1,50.0,29,11.5,1.6,0.1,53,11.3,597,4,,BrowMa04
119,Dallas Goedert,PHI,28,TE,14,14,83,59,592,10.0,3,33,60.2,49,4.2,42.3,71.1%,7.1,1,1,0,0,0.0,1,1.0,0.1,0.1,60,9.9,593,3,,GoedDa00
120,Justice Hill,BAL,26,RB,16,5,39,28,206,7.4,1,8,30.8,24,1.8,12.9,71.8%,5.3,84,387,3,19,48.8,41,4.6,24.2,5.3,112,5.3,593,4,1,HillJu00
121,Josh Palmer,LAC,24,WR,10,6,61,38,581,15.3,2,22,47.5,79,3.8,58.1,62.3%,9.5,1,6,0,0,100.0,6,6.0,0.6,0.1,39,15.1,587,2,1,PalmJo00
122,Miles Sanders,CAR,26,RB,16,5,41,27,154,5.7,0,8,39.0,14,1.7,9.6,65.9%,3.8,129,432,1,24,40.3,48,3.3,27.0,8.1,156,3.8,586,1,2,SandMi01
123,Jonnu Smith,ATL,28,TE,17,6,70,50,582,11.6,3,26,51.4,60,2.9,34.2,71.4%,8.3,1,0,0,0,0.0,0,0.0,0.0,0.1,51,11.4,582,3,1,SmitJo01
124,Dontayvion Wicks,GNB,22,WR,15,6,58,39,581,14.9,4,29,62.1,35,2.6,38.7,67.2%,10.0,1,1,0,0,0.0,1,1.0,0.1,0.1,40,14.6,582,4,3,WickDo00
125,Jaleel McLaughlin,DEN,23,RB,17,3,36,31,160,5.2,2,5,38.9,22,1.8,9.4,86.1%,4.4,76,410,1,16,53.9,38,5.4,24.1,4.5,107,5.3,570,3,,McLaJa00
126,Noah Brown,HOU,27,WR,10,7,55,33,567,17.2,2,24,52.7,75,3.3,56.7,60.0%,10.3,1,-1,0,0,0.0,-1,-1.0,-0.1,0.1,34,16.6,566,2,,BrowNo00
127,Odell Beckham Jr.,BAL,31,WR,14,6,64,35,565,16.1,3,27,50.0,51,2.5,40.4,54.7%,8.8,,,0,0,,,,,,35,16.1,565,3,1,BeckOd00
128,Michael Wilson,ARI,23,WR,13,12,58,38,565,14.9,3,29,56.9,69,2.9,43.5,65.5%,9.7,,,0,0,,,,,,38,14.9,565,3,,WilsMi02
129,Kalif Raymond,DET,29,WR,17,3,44,35,489,14.0,1,20,65.9,41,2.1,28.8,79.5%,11.1,7,75,0,2,71.4,40,10.7,4.4,0.4,42,13.4,564,1,1,RaymKa00
130,Roschon Johnson,CHI,22,RB,15,0,40,34,209,6.1,0,6,27.5,24,2.3,13.9,85.0%,5.2,81,352,2,16,43.2,29,4.3,23.5,5.4,115,4.9,561,2,1,JohnRo07
131,Darren Waller,NYG,31,TE,12,11,74,52,552,10.6,1,25,56.8,29,4.3,46.0,70.3%,7.5,,,0,0,,,,,,52,10.6,552,1,,WallDa01
132,Zamir White,LVR,24,RB,17,4,19,15,98,6.5,0,4,52.6,15,0.9,5.8,78.9%,5.2,104,451,1,19,51.0,43,4.3,26.5,6.1,119,4.6,549,1,1,WhitZa01
133,Kenneth Gainwell,PHI,24,RB,16,2,37,30,183,6.1,0,11,48.6,19,1.9,11.4,81.1%,4.9,84,364,2,19,39.3,32,4.3,22.8,5.3,114,4.8,547,2,3,GainKe00
134,Mark Andrews,BAL,28,TE,10,9,61,45,544,12.1,6,27,62.3,38,4.5,54.4,73.8%,8.9,1,0,0,0,0.0,0,0.0,0.0,0.1,46,11.8,544,6,1,AndrMa00
135,K.J. Osborn,MIN,26,WR,16,12,75,48,540,11.3,3,28,45.3,47,3.0,33.8,64.0%,7.2,,,0,0,,,,,,48,11.3,540,3,1,OsboKJ00
136,Chigoziem Okonkwo,TEN,24,TE,17,11,77,54,528,9.8,1,25,48.1,39,3.2,31.1,70.1%,6.9,2,6,0,1,50.0,4,3.0,0.4,0.1,56,9.5,534,1,,OkonCh00
137,Rondale Moore,ARI,23,WR,17,8,62,40,352,8.8,1,17,38.7,48,2.4,20.7,64.5%,5.7,28,178,1,5,46.4,45,6.4,10.5,1.6,68,7.8,530,2,1,MoorRo02
138,DJ Chark,CAR,27,WR,15,11,66,35,525,15.0,5,22,43.9,47,2.3,35.0,53.0%,8.0,,,0,0,,,,,,35,15.0,525,5,2,CharDJ00
139,Josh Allen,BUF,27,QB,17,17,,,,,0,0,,,,,,,111,524,15,57,65.8,23,4.7,30.8,6.5,111,4.7,524,15,7,AlleJo02
140,Jahan Dotson,WAS,23,WR,17,16,83,49,518,10.6,4,27,48.2,33,2.9,30.5,59.0%,6.2,,,0,0,,,,,,49,10.6,518,4,,DotsJa00
141,Dameon Pierce,HOU,23,RB,14,7,17,13,101,7.8,0,3,52.9,27,0.9,7.2,76.5%,5.9,145,416,2,14,37.9,22,2.9,29.7,10.4,158,3.3,517,2,,PierDa01
142,Tutu Atwell,LAR,24,WR,16,14,67,39,483,12.4,3,26,47.8,44,2.4,30.2,58.2%,7.2,5,31,0,2,60.0,22,6.2,1.9,0.3,44,11.7,514,3,,AtweTu00
143,Alec Pierce,IND,23,WR,17,16,65,32,514,16.1,2,24,46.2,58,1.9,30.2,49.2%,7.9,,,0,0,,,,,,32,16.1,514,2,,PierAl00
144,Rico Dowdle,DAL,25,RB,16,0,22,17,144,8.5,2,6,40.9,32,1.1,9.0,77.3%,6.5,89,361,2,17,47.2,21,4.1,22.6,5.6,106,4.8,505,4,,DowdRi01
145,D'Onta Foreman,CHI,27,RB,9,8,16,11,77,7.0,1,6,43.8,17,1.2,8.6,68.8%,4.8,109,425,4,24,53.2,22,3.9,47.2,12.1,120,4.2,502,5,1,ForeDO00
146,Logan Thomas,WAS,32,TE,16,15,78,55,496,9.0,4,21,56.4,29,3.4,31.0,70.5%,6.4,1,2,0,1,100.0,2,2.0,0.1,0.1,56,8.9,498,4,2,ThomLo00
147,Tyler Higbee,LAR,30,TE,15,15,70,47,495,10.5,2,26,57.1,33,3.1,33.0,67.1%,7.1,,,0,0,,,,,,47,10.5,495,2,,HigbTy00
148,Kareem Hunt,CLE,28,RB,15,2,21,15,84,5.6,0,5,38.1,13,1.0,5.6,71.4%,4.0,135,411,9,38,45.9,16,3.0,27.4,9.0,150,3.3,495,9,,HuntKa00
149,Keaton Mitchell,BAL,21,RB,8,2,11,9,93,10.3,0,5,63.6,32,1.1,11.6,81.8%,8.5,47,396,2,19,68.1,60,8.4,49.5,5.9,56,8.7,489,2,,MitcKe01
150,Chris Moore,TEN,30,WR,17,5,35,22,424,19.3,0,16,54.3,49,1.3,24.9,62.9%,12.1,2,39,0,1,50.0,38,19.5,2.3,0.1,24,19.3,463,0,1,MoorCh00
151,Justin Watson,KAN,27,WR,16,8,53,27,460,17.0,3,21,50.9,41,1.7,28.8,50.9%,8.7,,,0,0,,,,,,27,17.0,460,3,1,WatsJu01
152,Cade Otton,TAM,24,TE,17,17,67,47,455,9.7,4,22,49.3,27,2.8,26.8,70.1%,6.8,,,0,0,,,,,,47,9.7,455,4,1,OttoCa00
153,Michael Thomas,NOR,30,WR,10,7,64,39,448,11.5,1,21,54.7,31,3.9,44.8,60.9%,7.0,,,0,0,,,,,,39,11.5,448,1,,ThomMi05
154,Quentin Johnston,LAC,22,WR,17,10,67,38,431,11.3,2,20,47.8,57,2.2,25.4,56.7%,6.4,3,9,0,0,33.3,6,3.0,0.5,0.2,41,10.7,440,2,,JohnQu02
155,Joshua Kelley,LAC,26,RB,17,3,12,8,32,4.0,0,0,33.3,6,0.5,1.9,66.7%,2.7,107,405,2,21,43.0,49,3.8,23.8,6.3,115,3.8,437,2,1,KellJo01
156,Christian Watson,GNB,24,WR,9,9,53,28,422,15.1,5,20,50.9,77,3.1,46.9,52.8%,8.0,4,11,0,1,25.0,13,2.8,1.2,0.4,32,13.5,433,5,,WatsCh00
157,Robert Woods,HOU,31,WR,14,11,75,40,426,10.7,1,26,45.3,26,2.9,30.4,53.3%,5.7,1,7,0,0,100.0,7,7.0,0.5,0.1,41,10.6,433,1,,WoodRo02
158,Joshua Dobbs,2TM,28,,13,12,,,,,0,0,,,,,,,77,421,6,31,49.4,44,5.5,32.4,5.9,77,5.5,421,6,14,DobbJo00
159,Gerald Everett,LAC,29,TE,15,12,70,51,411,8.1,3,25,50.0,31,3.4,27.4,72.9%,5.9,3,10,0,0,33.3,6,3.3,0.7,0.2,54,7.8,421,3,3,EverGe00
160,Hunter Henry,NWE,29,TE,14,10,61,42,419,10.0,6,29,63.9,24,3.0,29.9,68.9%,6.9,,,0,0,,,,,,42,10.0,419,6,1,HenrHu00
161,Darnell Mooney,CHI,26,WR,15,14,61,31,414,13.4,1,20,41.0,41,2.1,27.6,50.8%,6.8,2,5,0,0,0.0,3,2.5,0.3,0.1,33,12.7,419,1,,MoonDa00
162,Latavius Murray,BUF,33,RB,16,4,22,17,119,7.0,0,7,45.5,22,1.1,7.4,77.3%,5.4,79,300,4,27,57.0,29,3.8,18.8,4.9,96,4.4,419,4,1,MurrLa00
163,Michael Gallup,DAL,27,WR,17,13,57,34,418,12.3,2,19,50.9,41,2.0,24.6,59.6%,7.3,,,0,0,,,,,,34,12.3,418,2,,GallMi00
164,Jonathan Mingo,CAR,22,WR,15,14,85,43,418,9.7,0,15,32.9,40,2.9,27.9,50.6%,4.9,,,0,0,,,,,,43,9.7,418,0,1,MingJo00
165,Noah Fant,SEA,26,TE,17,17,43,32,414,12.9,0,16,60.5,51,1.9,24.4,74.4%,9.6,,,0,0,,,,,,32,12.9,414,0,,FantNo00
166,Clyde Edwards-Helaire,KAN,24,RB,15,3,22,17,188,11.1,1,7,50.0,48,1.1,12.5,77.3%,8.5,70,223,1,12,40.0,20,3.2,14.9,4.7,87,4.7,411,2,,EdwaCl00
167,Isaiah Likely,BAL,23,TE,17,8,40,30,411,13.7,5,15,60.0,54,1.8,24.2,75.0%,10.3,,,0,0,,,,,,30,13.7,411,5,,LikeIs00
168,Kendrick Bourne,NWE,28,WR,8,5,55,37,406,11.0,4,15,49.1,36,4.6,50.8,67.3%,7.4,1,4,0,1,100.0,4,4.0,0.5,0.1,38,10.8,410,4,1,BourKe00
169,Tre Tucker,LVR,22,WR,16,1,34,19,331,17.4,2,12,41.2,50,1.2,20.7,55.9%,9.7,10,77,0,4,70.0,34,7.7,4.8,0.6,29,14.1,408,2,,TuckTr00
170,Marvin Mims*,DEN,21,WR,16,7,33,22,377,17.1,1,9,48.5,60,1.4,23.6,66.7%,11.4,9,30,0,2,44.4,11,3.3,1.9,0.6,31,13.1,407,1,2,MimsMa00
171,Trey Palmer,TAM,22,WR,17,8,68,39,385,9.9,3,17,41.2,54,2.3,22.6,57.4%,5.7,3,22,0,1,66.7,13,7.3,1.3,0.2,42,9.7,407,3,3,PalmTr00
172,Emari Demercado,ARI,24,RB,14,2,30,21,119,5.7,0,4,30.0,22,1.5,8.5,70.0%,4.0,58,284,2,12,43.1,49,4.9,20.3,4.1,79,5.1,403,2,,DemeEm00
173,DeVante Parker,NWE,30,WR,13,13,55,33,394,11.9,0,17,49.1,30,2.5,30.3,60.0%,7.2,,,0,0,,,,,,33,11.9,394,0,,ParkDe01
174,Demarcus Robinson,LAR,29,WR,16,4,39,26,371,14.3,4,20,59.0,37,1.6,23.2,66.7%,9.5,1,23,0,1,100.0,23,23.0,1.4,0.1,27,14.6,394,4,2,RobiDe01
175,Patrick Mahomes*,KAN,28,QB,16,16,,,,,0,0,,,,,,,75,389,0,27,50.7,25,5.2,24.3,4.7,75,5.2,389,0,5,MahoPa00
176,Rashod Bateman,BAL,24,WR,16,12,56,32,367,11.5,1,20,50.0,29,2.0,22.9,57.1%,6.6,1,18,0,1,100.0,18,18.0,1.1,0.1,33,11.7,385,1,,BateRa00
177,Jameson Williams,DET,22,WR,12,10,42,24,354,14.8,2,14,47.6,63,2.0,29.5,57.1%,8.4,3,29,1,1,100.0,19,9.7,2.4,0.3,27,14.2,383,3,1,WillJa11
178,Nelson Agholor,BAL,30,WR,17,3,45,35,381,10.9,4,19,55.6,37,2.1,22.4,77.8%,8.5,,,0,0,,,,,,35,10.9,381,4,1,AghoNe00
179,Jalin Hyatt,NYG,22,WR,17,7,40,23,373,16.2,0,11,47.5,58,1.4,21.9,57.5%,9.3,,,0,0,,,,,,23,16.2,373,0,1,HyatJa00
180,Kylen Granson,IND,25,TE,15,7,50,30,368,12.3,1,19,46.0,46,2.0,24.5,60.0%,7.4,1,2,0,1,100.0,2,2.0,0.1,0.1,31,11.9,370,1,,GranKy00
181,Nick Westbrook-Ikhine,TEN,26,WR,14,9,45,28,370,13.2,3,18,57.8,33,2.0,26.4,62.2%,8.2,,,0,0,,,,,,28,13.2,370,3,,WestNi00
182,Juwan Johnson,NOR,27,TE,13,11,59,37,368,9.9,4,23,50.8,32,2.8,28.3,62.7%,6.2,,,0,0,,,,,,37,9.9,368,4,,JohnJu02
183,Jamaal Williams,NOR,28,RB,13,4,20,18,62,3.4,0,1,30.0,12,1.4,4.8,90.0%,3.1,106,306,1,19,39.6,17,2.9,23.5,8.2,124,3.0,368,1,1,WillJa06
184,Durham Smythe,MIA,28,TE,16,14,43,35,366,10.5,0,22,72.1,22,2.2,22.9,81.4%,8.5,,,0,0,,,,,,35,10.5,366,0,,SmytDu00
185,Tucker Kraft,GNB,23,TE,17,8,40,31,355,11.5,2,18,67.5,43,1.8,20.9,77.5%,8.9,,,0,0,,,,,,31,11.5,355,2,,KrafTu00
186,Tanner Hudson,CIN,29,TE,12,1,50,39,352,9.0,1,21,58.0,26,3.3,29.3,78.0%,7.0,,,0,0,,,,,,39,9.0,352,1,,HudsTa00
187,Luke Musgrave,GNB,23,TE,11,9,46,34,352,10.4,1,14,50.0,37,3.1,32.0,73.9%,7.7,,,0,0,,,,,,34,10.4,352,1,,MusgLu00
188,Brandon Powell,MIN,28,WR,17,2,44,29,324,11.2,1,18,50.0,28,1.7,19.1,65.9%,7.4,5,17,0,1,60.0,9,3.4,1.0,0.3,34,10.0,341,1,1,PoweBr00
189,Russell Wilson,DEN,35,QB,15,15,,,,,0,0,,,,,,,80,341,3,38,55.0,21,4.3,22.7,5.3,80,4.3,341,3,10,WilsRu00
190,Trevor Lawrence,JAX,24,QB,16,16,,,,,0,0,,,,,,,70,339,4,23,47.1,26,4.8,21.2,4.4,70,4.8,339,4,12,LawrTr00
191,Pierre Strong,CLE,25,RB,17,1,8,5,47,9.4,0,1,25.0,41,0.3,2.8,62.5%,5.9,63,291,1,10,50.8,40,4.6,17.1,3.7,68,5.0,338,1,1,StroPi00
192,Chase Brown,CIN,23,RB,12,0,15,14,156,11.1,1,4,53.3,54,1.2,13.0,93.3%,10.4,44,179,0,6,34.1,31,4.1,14.9,3.7,58,5.8,335,1,1,BrowCh10
193,Royce Freeman,LAR,27,RB,14,0,2,1,13,13.0,0,1,50.0,13,0.1,0.9,50.0%,6.5,77,319,2,17,51.9,23,4.1,22.8,5.5,78,4.3,332,2,,FreeRo00
194,Zay Jones,JAX,28,WR,9,7,64,34,321,9.4,2,14,43.8,36,3.8,35.7,53.1%,5.0,,,0,0,,,,,,34,9.4,321,2,,JoneZa00
195,Trenton Irwin,CIN,28,WR,16,5,32,25,316,12.6,1,15,59.4,32,1.6,19.8,78.1%,9.9,,,0,0,,,,,,25,12.6,316,1,2,IrwiTr00
196,Marquez Valdes-Scantling,KAN,29,WR,16,10,42,21,315,15.0,1,14,40.5,46,1.3,19.7,50.0%,7.5,,,0,0,,,,,,21,15.0,315,1,1,ValdMa00
197,Allen Lazard,NYJ,28,WR,14,12,49,23,311,13.5,1,17,40.8,39,1.6,22.2,46.9%,6.3,,,0,0,,,,,,23,13.5,311,1,,LazaAl00
198,Pat Freiermuth,PIT,25,TE,12,9,47,32,308,9.6,2,17,48.9,29,2.7,25.7,68.1%,6.6,,,0,0,,,,,,32,9.6,308,2,,FreiPa00
199,Noah Gray,KAN,24,TE,17,10,41,28,305,10.9,2,16,53.7,34,1.6,17.9,68.3%,7.4,1,1,0,0,0.0,1,1.0,0.1,0.1,29,10.6,306,2,,GrayNo00
200,Michael Mayer,LVR,22,TE,14,12,40,27,304,11.3,2,19,60.0,32,1.9,21.7,67.5%,7.6,,,0,0,,,,,,27,11.3,304,2,,MayeMi00
201,Xavier Gipson,NYJ,22,WR,17,3,38,21,229,10.9,0,9,34.2,36,1.2,13.5,55.3%,6.0,8,68,1,4,62.5,18,8.5,4.0,0.5,29,10.2,297,1,5,GipsXa00
202,Cedrick Wilson Jr.,MIA,28,WR,15,3,38,22,296,13.5,3,14,47.4,31,1.5,19.7,57.9%,7.8,,,0,0,,,,,,22,13.5,296,3,,WilsCe01
203,Elijah Mitchell,SFO,25,RB,11,1,8,6,14,2.3,0,2,37.5,9,0.5,1.3,75.0%,1.8,75,281,2,14,48.0,18,3.7,25.5,6.8,81,3.6,295,2,,MitcEl00
204,Dalvin Cook,NYJ,28,RB,15,1,20,15,78,5.2,0,3,30.0,15,1.0,5.2,75.0%,3.9,67,214,0,10,38.8,14,3.2,14.3,4.5,82,3.6,292,0,2,CookDa01
205,Michael Carter,2TM,24,,15,0,31,24,101,4.2,1,5,32.3,10,1.6,6.7,77.4%,3.3,30,187,0,9,40.0,21,6.2,12.5,2.0,54,5.3,288,1,,CartMi03
206,Greg Dortch,ARI,25,WR,16,4,41,24,280,11.7,2,14,48.8,38,1.5,17.5,58.5%,6.8,1,5,0,0,100.0,5,5.0,0.3,0.1,25,11.4,285,2,,DortGr01
207,Donald Parham,LAC,26,TE,14,8,41,27,285,10.6,4,22,61.0,24,1.9,20.4,65.9%,7.0,,,0,0,,,,,,27,10.6,285,4,,ParhDo00
208,Brandon Johnson,DEN,25,WR,13,2,30,19,284,14.9,4,12,60.0,50,1.5,21.8,63.3%,9.5,,,0,0,,,,,,19,14.9,284,4,,JohnBr23
209,Allen Robinson,PIT,30,WR,17,17,49,34,280,8.2,0,9,44.9,31,2.0,16.5,69.4%,5.7,,,0,0,,,,,,34,8.2,280,0,,RobiAl02
210,Kendre Miller,NOR,21,RB,8,0,11,10,117,11.7,0,5,54.5,33,1.3,14.6,90.9%,10.6,41,156,1,10,39.0,18,3.8,19.5,5.1,51,5.4,273,1,,MillKe01
211,Jeff Wilson,MIA,28,RB,10,0,17,14,85,6.1,0,3,29.4,12,1.4,8.5,82.4%,5.0,41,188,0,8,51.2,15,4.6,18.8,4.1,55,5.0,273,0,,WilsJe01
212,Jalen Tolbert,DAL,24,WR,17,6,36,22,268,12.2,2,13,55.6,45,1.3,15.8,61.1%,7.4,,,0,0,,,,,,22,12.2,268,2,1,TolbJa00
213,Sam Howell,WAS,23,QB,17,17,1,1,4,4.0,0,0,0.0,4,0.1,0.2,100.0%,4.0,48,263,5,19,50.0,24,5.5,15.5,2.8,49,5.4,267,5,4,HoweSa00
214,Skyy Moore,KAN,23,WR,14,8,38,21,244,11.6,1,13,44.7,54,1.5,17.4,55.3%,6.4,3,23,0,1,100.0,11,7.7,1.6,0.2,24,11.1,267,1,,MoorSk01
215,Jauan Jennings,SFO,26,WR,13,2,33,19,265,13.9,1,12,48.5,31,1.5,20.4,57.6%,8.0,,,0,0,,,,,,19,13.9,265,1,,JennJa00
216,JuJu Smith-Schuster,NWE,27,WR,11,7,47,29,260,9.0,1,13,42.6,37,2.6,23.6,61.7%,5.5,,,0,0,,,,,,29,9.0,260,1,,SmitJu00
217,Chris Rodriguez,WAS,23,RB,13,0,2,2,12,6.0,0,1,100.0,7,0.2,0.9,100.0%,6.0,51,247,2,14,47.1,16,4.8,19.0,3.9,53,4.9,259,2,1,RodrCh00
218,Chase Edmonds,TAM,27,RB,13,0,17,14,81,5.8,0,5,58.8,14,1.1,6.2,82.4%,4.8,49,176,0,8,46.9,21,3.6,13.5,3.8,63,4.1,257,0,,EdmoCh00
219,Daniel Bellinger,NYG,23,TE,17,13,28,25,255,10.2,0,6,39.3,26,1.5,15.0,89.3%,9.1,,,0,0,,,,,,25,10.2,255,0,,BellDa00
220,Hunter Renfrow,LVR,28,WR,17,3,37,25,255,10.2,0,11,40.5,38,1.5,15.0,67.6%,6.9,,,0,0,,,,,,25,10.2,255,0,1,RenfHu00
221,Bryce Young,CAR,22,QB,16,16,,,,,0,0,,,,,,,39,253,0,18,64.1,26,6.5,15.8,2.4,39,6.5,253,0,11,YounBr01
222,Jerick McKinnon,KAN,31,RB,12,0,32,25,192,7.7,4,10,43.8,27,2.1,16.0,78.1%,6.0,21,60,1,7,47.6,10,2.9,5.0,1.8,46,5.5,252,5,,McKiJe00
223,Mike Williams,LAC,29,WR,3,3,26,19,249,13.1,1,9,53.8,49,6.3,83.0,73.1%,9.6,1,3,0,0,0.0,3,3.0,1.0,0.3,20,12.6,252,1,,WillMi07
224,Mack Hollins,ATL,30,WR,13,3,30,18,251,13.9,0,9,46.7,45,1.4,19.3,60.0%,8.4,,,0,0,,,,,,18,13.9,251,0,,HollMa00
225,Braxton Berrios,MIA,28,WR,16,1,33,27,238,8.8,1,15,57.6,22,1.7,14.9,81.8%,7.2,1,11,0,1,100.0,11,11.0,0.7,0.1,28,8.9,249,1,1,BerrBr00
226,D'Ernest Johnson,JAX,27,RB,17,0,12,10,140,14.0,0,6,50.0,42,0.6,8.2,83.3%,11.7,41,108,0,5,39.0,19,2.6,6.4,2.4,51,4.9,248,0,,JohnDE04
227,Jordan Love,GNB,25,QB,17,17,,,,,0,0,,,,,,,50,247,4,16,44.0,37,4.9,14.5,2.9,50,4.9,247,4,9,LoveJo03
228,Colby Parkinson,SEA,24,TE,17,1,34,25,247,9.9,2,11,52.9,27,1.5,14.5,73.5%,7.3,,,0,0,,,,,,25,9.9,247,2,,ParkCo02
229,A.T. Perry,NOR,24,WR,10,3,18,12,246,20.5,4,10,61.1,44,1.2,24.6,66.7%,13.7,,,0,0,,,,,,12,20.5,246,4,,PerrAT00
230,Mike Gesicki,NWE,28,TE,17,10,45,29,244,8.4,2,11,44.4,18,1.7,14.4,64.4%,5.4,,,0,0,,,,,,29,8.4,244,2,,GesiMi00
231,Kyler Murray,ARI,26,QB,8,8,,,,,0,0,,,,,,,44,244,3,15,59.1,33,5.5,30.5,5.5,44,5.5,244,3,7,MurrKy00
232,Dak Prescott*,DAL,30,QB,17,17,,,,,0,0,,,,,,,55,242,2,21,52.7,22,4.4,14.2,3.2,55,4.4,242,2,4,PresDa01
233,Matt Breida,NYG,28,RB,17,4,21,17,88,5.2,0,2,19.0,22,1.0,5.2,81.0%,4.2,55,151,1,7,34.5,9,2.7,8.9,3.2,72,3.3,239,1,1,BreiMa00
234,Treylon Burks,TEN,23,WR,11,9,30,16,221,13.8,0,8,43.3,70,1.5,20.1,53.3%,7.4,5,18,0,0,60.0,9,3.6,1.6,0.5,21,11.4,239,0,,BurkTr00
235,Bo Melton,GNB,24,WR,5,1,24,16,218,13.6,1,13,62.5,37,3.2,43.6,66.7%,9.1,3,21,0,2,100.0,12,7.0,4.2,0.6,19,12.6,239,1,,MeltBo00
236,Justin Herbert,LAC,25,QB,13,13,1,1,10,10.0,0,1,100.0,10,0.1,0.8,100.0%,10.0,52,228,3,16,40.4,35,4.4,17.5,4.0,53,4.5,238,3,4,HerbJu00
237,Cam Akers,2TM,24,,7,1,12,11,70,6.4,0,2,50.0,30,1.6,10.0,91.7%,5.8,60,167,2,12,35.0,19,2.8,23.9,8.6,71,3.3,237,2,,AkerCa00
238,Calvin Austin,PIT,24,WR,17,1,30,17,180,10.6,1,7,40.0,72,1.0,10.6,56.7%,6.0,11,57,1,4,63.6,12,5.2,3.4,0.6,28,8.5,237,2,2,AustCa00
239,Jordan Mason,SFO,24,RB,17,0,4,3,31,10.3,0,1,50.0,13,0.2,1.8,75.0%,7.8,40,206,3,13,55.0,26,5.2,12.1,2.4,43,5.5,237,3,,MasoJo00
240,KaVontae Turpin,DAL,27,WR,16,0,18,12,127,10.6,3,9,61.1,34,0.8,7.9,66.7%,7.1,11,110,1,5,72.7,46,10.0,6.9,0.7,23,10.3,237,4,1,TurpKa00
241,Austin Hooper,LVR,29,TE,17,9,31,25,234,9.4,0,12,61.3,21,1.5,13.8,80.6%,7.5,,,0,0,,,,,,25,9.4,234,0,,HoopAu00
242,Alex Erickson,LAC,31,WR,8,3,29,16,232,14.5,1,12,48.3,27,2.0,29.0,55.2%,8.0,,,0,0,,,,,,16,14.5,232,1,,EricAl01
243,KhaDarel Hodge,ATL,28,WR,17,4,23,14,232,16.6,0,13,60.9,52,0.8,13.6,60.9%,10.1,1,0,0,0,0.0,0,0.0,0.0,0.1,15,15.5,232,0,1,HodgKh00
244,Cedric Tillman,CLE,23,WR,14,3,44,21,224,10.7,0,12,40.9,23,1.5,16.0,47.7%,5.1,1,8,0,0,100.0,8,8.0,0.6,0.1,22,10.5,232,0,,TillCe01
245,Isaiah Hodgins,NYG,25,WR,17,9,33,21,230,11.0,3,12,63.6,24,1.2,13.5,63.6%,7.0,,,0,0,,,,,,21,11.0,230,3,1,HodgIs00
246,Craig Reynolds,DET,27,RB,17,0,5,5,47,9.4,0,2,60.0,28,0.3,2.8,100.0%,9.4,41,179,1,11,43.9,19,4.4,10.5,2.4,46,4.9,226,1,2,ReynCr00
247,Jamal Agnew,JAX,28,WR,11,1,21,14,225,16.1,1,8,57.1,65,1.3,20.5,66.7%,10.7,4,-2,0,0,0.0,1,-0.5,-0.2,0.4,18,12.4,223,1,1,AgneJa00
248,Ameer Abdullah,LVR,30,RB,17,0,24,19,131,6.9,0,4,33.3,18,1.1,7.7,79.2%,5.5,15,89,0,6,60.0,12,5.9,5.2,0.9,34,6.5,220,0,,AbduAm00
249,Brevin Jordan,HOU,23,TE,14,6,21,17,219,12.9,2,13,81.0,27,1.2,15.6,81.0%,10.4,,,0,0,,,,,,17,12.9,219,2,,JordBr00
250,Cordarrelle Patterson,ATL,32,RB,14,0,12,9,38,4.2,1,2,33.3,11,0.6,2.7,75.0%,3.2,50,181,0,9,46.0,18,3.6,12.9,3.6,59,3.7,219,1,1,PattCo00
251,Darrell Henderson,LAR,26,RB,4,4,14,10,103,10.3,0,3,28.6,32,2.5,25.8,71.4%,7.4,46,112,2,5,37.0,16,2.4,28.0,11.5,56,3.8,215,2,,HendDa00
252,Van Jefferson,2TM,27,,17,9,43,20,209,10.5,0,10,37.2,46,1.2,12.3,46.5%,4.9,1,4,0,0,100.0,4,4.0,0.2,0.1,21,10.1,213,0,,JeffVa00
253,Josh Oliver,MIN,26,TE,17,14,28,22,213,9.7,2,12,53.6,33,1.3,12.5,78.6%,7.6,,,0,0,,,,,,22,9.7,213,2,1,OlivJo00
254,Zach Wilson,NYJ,24,QB,12,11,,,,,0,0,,,,,,,36,211,0,7,41.7,20,5.9,17.6,3.0,36,5.9,211,0,11,WilsZa00
255,Tyler Scott,CHI,22,WR,17,4,32,17,168,9.9,0,10,43.8,30,1.0,9.9,53.1%,5.3,7,41,0,2,71.4,16,5.9,2.4,0.4,24,8.7,209,0,1,ScotTy00
256,Pharaoh Brown,NWE,29,TE,17,11,15,13,208,16.0,1,8,66.7,58,0.8,12.2,86.7%,13.9,,,0,0,,,,,,13,16.0,208,1,1,BrowPh01
257,Will Mallory,IND,24,TE,12,2,26,18,207,11.5,0,11,50.0,43,1.5,17.3,69.2%,8.0,,,0,0,,,,,,18,11.5,207,0,1,MallWi00
258,Daniel Jones,NYG,26,QB,6,6,,,,,0,0,,,,,,,40,206,1,15,52.5,17,5.2,34.3,6.7,40,5.2,206,1,4,JoneDa05
259,Adam Trautman,DEN,26,TE,17,12,35,22,204,9.3,3,10,51.4,24,1.3,12.0,62.9%,5.8,,,0,0,,,,,,22,9.3,204,3,,TrauAd00
260,Kadarius Toney,KAN,24,WR,13,2,38,27,169,6.3,1,12,44.7,18,2.1,13.0,71.1%,4.4,11,31,0,2,27.3,14,2.8,2.4,0.8,38,5.3,200,1,1,ToneKa00
261,Jake Bobo,SEA,25,WR,17,0,25,19,196,10.3,2,9,60.0,31,1.1,11.5,76.0%,7.8,1,3,1,1,100.0,3,3.0,0.2,0.1,20,10.0,199,3,,BoboJa00
262,Tyrod Taylor,NYG,34,QB,11,5,,,,,0,0,,,,,,,38,197,0,10,47.4,31,5.2,17.9,3.5,38,5.2,197,0,4,TaylTy00
263,Tommy DeVito,NYG,25,QB,9,6,,,,,0,0,,,,,,,36,195,1,7,44.4,26,5.4,21.7,4.0,36,5.4,195,1,2,DeViTo00
264,Ty Johnson,BUF,26,RB,10,0,7,7,62,8.9,1,2,71.4,28,0.7,6.2,100.0%,8.9,30,132,0,8,63.3,13,4.4,13.2,3.0,37,5.2,194,1,1,JohnTy02
265,Tommy Tremble,CAR,23,TE,16,8,32,23,194,8.4,3,10,50.0,30,1.4,12.1,71.9%,6.1,,,0,0,,,,,,23,8.4,194,3,,TremTo00
266,Foster Moreau,NOR,26,TE,15,10,25,21,193,9.2,1,9,60.0,23,1.4,12.9,84.0%,7.7,,,0,0,,,,,,21,9.2,193,1,,MoreFo00
267,Nick Chubb,CLE,28,RB,2,2,4,4,21,5.3,0,1,50.0,10,2.0,10.5,100.0%,5.3,28,170,0,8,57.1,20,6.1,85.0,14.0,32,6.0,191,0,,ChubNi00
268,Patrick Taylor,GNB,25,RB,11,0,17,11,49,4.5,0,4,29.4,16,1.0,4.5,64.7%,2.9,32,141,0,7,46.9,24,4.4,12.8,2.9,43,4.4,190,0,,TaylPa01
269,Zach Ertz,ARI,33,TE,7,7,43,27,187,6.9,1,8,41.9,17,3.9,26.7,62.8%,4.3,,,0,0,,,,,,27,6.9,187,1,,ErtzZa00
270,Desmond Ridder,ATL,24,QB,15,13,1,1,-6,-6.0,0,0,0.0,-6,0.1,-0.4,100.0%,-6.0,53,193,5,18,43.4,23,3.6,12.9,3.5,54,3.5,187,5,12,RiddDe00
271,Dawson Knox,BUF,27,TE,12,11,36,22,186,8.5,2,13,50.0,17,1.8,15.5,61.1%,5.2,,,0,0,,,,,,22,8.5,186,2,,KnoxDa00
272,Hayden Hurst,CAR,30,TE,9,8,32,18,184,10.2,1,7,46.9,48,2.0,20.4,56.3%,5.8,,,0,0,,,,,,18,10.2,184,1,,HursHa00
273,Kyle Philips,TEN,24,WR,9,0,22,15,181,12.1,0,9,50.0,29,1.7,20.1,68.2%,8.2,,,0,0,,,,,,15,12.1,181,0,1,PhilKy01
274,Trey Sermon,IND,24,RB,14,0,6,3,13,4.3,0,0,33.3,7,0.2,0.9,50.0%,2.2,35,160,0,7,45.7,27,4.6,11.4,2.5,38,4.6,173,0,,SermTr00
275,Will Dissly,SEA,27,TE,16,14,22,17,172,10.1,1,8,59.1,21,1.1,10.8,77.3%,7.8,,,0,0,,,,,,17,10.1,172,1,,DissWi00
276,Johnny Mundt,MIN,29,TE,17,0,23,17,172,10.1,1,8,52.2,32,1.0,10.1,73.9%,7.5,,,0,0,,,,,,17,10.1,172,1,,MundJo00
277,Darrynton Evans,2TM,25,,7,0,12,7,49,7.0,0,2,33.3,17,1.0,7.0,58.3%,4.1,32,121,1,10,40.6,13,3.8,17.3,4.6,39,4.4,170,1,,EvanDa02
278,Dyami Brown,WAS,24,WR,17,1,23,12,168,14.0,1,8,47.8,35,0.7,9.9,52.2%,7.3,1,0,0,0,0.0,0,0.0,0.0,0.1,13,12.9,168,1,,BrowDy00
279,David Bell,CLE,23,WR,15,3,23,14,167,11.9,3,9,47.8,41,0.9,11.1,60.9%,7.3,,,0,0,,,,,,14,11.9,167,3,,BellDa02
280,Derius Davis,LAC,23,WR,17,2,17,15,66,4.4,0,0,23.5,18,0.9,3.9,88.2%,3.9,14,101,0,5,50.0,51,7.2,5.9,0.8,29,5.8,167,0,3,DaviDe02
281,Connor Heyward,PIT,24,TE,17,7,34,23,167,7.3,0,8,47.1,13,1.4,9.8,67.6%,4.9,1,0,0,0,0.0,0,0.0,0.0,0.1,24,7.0,167,0,,HeywCo00
282,C.J. Stroud*,HOU,22,QB,15,15,1,1,0,0.0,0,0,0.0,0,0.1,0.0,100.0%,0.0,39,167,3,17,59.0,16,4.3,11.1,2.6,40,4.2,167,3,8,StroCJ00
283,Ray-Ray McCloud,SFO,27,WR,12,1,15,12,135,11.3,0,7,66.7,41,1.0,11.3,80.0%,9.0,3,30,0,2,100.0,15,10.0,2.5,0.3,15,11.0,165,0,1,McClRa00
284,Olamide Zaccheaus,PHI,26,WR,17,1,20,10,164,16.4,2,7,50.0,34,0.6,9.6,50.0%,8.2,,,0,0,,,,,,10,16.4,164,2,,ZaccOl01
285,Elijah Higgins,ARI,23,TE,11,2,19,14,163,11.6,1,9,52.6,26,1.3,14.8,73.7%,8.6,,,0,0,,,,,,14,11.6,163,1,,HiggEl00
286,Baker Mayfield*,TAM,28,QB,17,17,,,,,0,0,,,,,,,62,163,1,16,35.5,31,2.6,9.6,3.6,62,2.6,163,1,8,MayfBa00
287,Drew Sample,CIN,27,TE,17,10,27,22,163,7.4,2,9,44.4,22,1.3,9.6,81.5%,6.0,,,0,0,,,,,,22,7.4,163,2,,SampDr00
288,Lil'Jordan Humphrey,DEN,25,WR,17,8,19,13,162,12.5,3,9,63.2,54,0.8,9.5,68.4%,8.5,,,0,0,,,,,,13,12.5,162,3,,HumpLi01
289,John Metchie,HOU,23,WR,16,0,30,16,158,9.9,0,7,43.3,22,1.0,9.9,53.3%,5.3,1,4,0,0,100.0,4,4.0,0.3,0.1,17,9.5,162,0,,MetcJo00
290,Mo Alie-Cox,IND,30,TE,17,7,22,13,161,12.4,3,9,45.5,35,0.8,9.5,59.1%,7.3,,,0,0,,,,,,13,12.4,161,3,,AlieMo00
291,Scott Miller,ATL,26,WR,17,0,16,11,161,14.6,2,6,50.0,56,0.6,9.5,68.8%,10.1,,,0,0,,,,,,11,14.6,161,2,,MillSc01
292,Byron Pringle,WAS,30,WR,17,1,22,14,161,11.5,0,7,40.9,26,0.8,9.5,63.6%,7.3,,,0,0,,,,,,14,11.5,161,0,1,PrinBy00
293,Jamison Crowder,WAS,30,WR,17,0,20,16,159,9.9,1,8,60.0,26,0.9,9.4,80.0%,8.0,,,0,0,,,,,,16,9.9,159,1,2,CrowJa00
294,Luke Farrell,JAX,26,TE,17,8,15,13,155,11.9,0,5,73.3,42,0.8,9.1,86.7%,10.3,,,0,0,,,,,,13,11.9,155,0,,FarrLu00
295,Donovan Peoples-Jones,2TM,24,,15,6,25,13,155,11.9,0,7,40.0,29,0.9,10.3,52.0%,6.2,,,0,0,,,,,,13,11.9,155,0,1,PeopDo00
296,Jalen Reagor,NWE,24,WR,11,1,23,7,138,19.7,0,5,21.7,39,0.6,12.5,30.4%,6.0,1,17,0,1,100.0,17,17.0,1.5,0.1,8,19.4,155,0,,ReagJa00
297,Stone Smartt,LAC,25,TE,16,3,21,11,155,14.1,1,6,42.9,51,0.7,9.7,52.4%,7.4,,,0,0,,,,,,11,14.1,155,1,,SmarSt00
298,Geno Smith*,SEA,33,QB,15,15,1,1,-2,-2.0,0,0,0.0,-2,0.1,-0.1,100.0%,-2.0,37,155,1,10,40.5,25,4.2,10.3,2.5,38,4.0,153,1,5,SmitGe00
299,John Bates,WAS,26,TE,17,4,28,19,151,7.9,0,6,50.0,35,1.1,8.9,67.9%,5.4,,,0,0,,,,,,19,7.9,151,0,,BateJo00
300,Ronnie Rivers,LAR,24,RB,9,1,5,5,22,4.4,0,0,40.0,10,0.6,2.4,100.0%,4.4,32,129,0,4,50.0,10,4.0,14.3,3.6,37,4.1,151,0,,RiveRo01
301,Jeremy Ruckert,NYJ,23,TE,15,6,22,16,151,9.4,0,6,50.0,23,1.1,10.1,72.7%,6.9,,,0,0,,,,,,16,9.4,151,0,,RuckJe00
302,Deonte Harty,BUF,26,WR,16,1,21,15,150,10.0,1,9,52.4,43,0.9,9.4,71.4%,7.1,4,0,0,0,25.0,4,0.0,0.0,0.3,19,7.9,150,1,2,HarrDe07
303,Salvon Ahmed,MIA,25,RB,8,0,23,16,88,5.5,1,4,30.4,20,2.0,11.0,69.6%,3.8,22,61,1,3,36.4,10,2.8,7.6,2.8,38,3.9,149,2,,AhmeSa01
304,Andrew Ogletree,IND,25,TE,12,9,21,9,147,16.3,2,8,38.1,33,0.8,12.3,42.9%,7.0,,,0,0,,,,,,9,16.3,147,2,,OgleAn00
305,Brock Purdy*,SFO,24,QB,16,16,,,,,0,0,,,,,,,39,144,2,15,53.8,17,3.7,9.0,2.4,39,3.7,144,2,6,PurdBr00
306,Easton Stick,LAC,28,QB,5,4,,,,,0,0,,,,,,,27,144,1,11,63.0,21,5.3,28.8,5.4,27,5.3,144,1,5,SticEa00
307,Tyquan Thornton,NWE,23,WR,9,3,23,13,91,7.0,0,3,17.4,15,1.4,10.1,56.5%,4.0,3,51,0,1,66.7,39,17.0,5.7,0.3,16,8.9,142,0,,ThorTy00
308,Quez Watkins,PHI,25,WR,9,5,21,15,142,9.5,1,8,61.9,19,1.7,15.8,71.4%,6.8,,,0,0,,,,,,15,9.5,142,1,,WatkQu00
309,Deshaun Watson,CLE,28,QB,6,6,,,,,0,0,,,,,,,26,142,1,10,61.5,16,5.5,23.7,4.3,26,5.5,142,1,5,WatsDe00
310,Xavier Hutchinson,HOU,23,WR,16,0,19,8,90,11.3,0,3,21.1,34,0.5,5.6,42.1%,4.7,5,49,0,3,100.0,17,9.8,3.1,0.3,13,10.7,139,0,,HutcXa00
311,Terrace Marshall Jr.,CAR,23,WR,9,4,33,19,139,7.3,0,8,45.5,14,2.1,15.4,57.6%,4.2,,,0,0,,,,,,19,7.3,139,0,1,MarsTe00
312,Deven Thompkins,TAM,24,WR,17,1,25,17,83,4.9,1,5,32.0,26,1.0,4.9,68.0%,3.3,8,56,0,4,87.5,17,7.0,3.3,0.5,25,5.6,139,1,3,ThomDe07
313,Tank Bigsby,JAX,22,RB,17,0,4,1,6,6.0,0,0,25.0,6,0.1,0.4,25.0%,1.5,50,132,2,12,42.0,12,2.6,7.8,2.9,51,2.7,138,2,2,BigsTa00
314,Boston Scott,PHI,28,RB,15,0,6,4,52,13.0,0,2,33.3,27,0.3,3.5,66.7%,8.7,20,86,0,5,50.0,18,4.3,5.7,1.3,24,5.8,138,0,1,ScotBo02
315,Anthony Richardson,IND,21,QB,4,4,,,,,0,0,,,,,,,25,136,4,8,64.0,23,5.4,34.0,6.3,25,5.4,136,4,3,RichAn03
316,Jordan Akins,CLE,31,TE,17,4,23,15,132,8.8,0,6,52.2,28,0.9,7.8,65.2%,5.7,,,0,0,,,,,,15,8.8,132,0,,AkinJo00
317,Tony Jones,2TM,26,,7,1,10,7,37,5.3,0,1,20.0,11,1.0,5.3,70.0%,3.7,26,95,2,7,46.2,19,3.7,13.6,3.7,33,4.0,132,2,,JoneTo04
318,Parker Washington,JAX,21,WR,9,1,21,16,132,8.3,2,5,52.4,19,1.8,14.7,76.2%,6.3,,,0,0,,,,,,16,8.3,132,2,2,WashPa01
319,Isaiah Spiller,LAC,22,RB,9,0,6,6,34,5.7,0,1,66.7,10,0.7,3.8,100.0%,5.7,37,96,0,1,32.4,8,2.6,10.7,4.1,43,3.0,130,0,,SpilIs00
320,Melvin Gordon,BAL,30,RB,4,0,3,3,46,15.3,0,3,100.0,23,0.8,11.5,100.0%,15.3,26,81,1,4,30.8,22,3.1,20.3,6.5,29,4.4,127,1,1,GordMe00
321,Mecole Hardman,2TM,25,,11,2,24,15,124,8.3,0,8,50.0,37,1.4,11.3,62.5%,5.2,1,3,0,0,0.0,3,3.0,0.3,0.1,16,7.9,127,0,1,HardMe00
322,Robbie Chosen,MIA,30,WR,9,0,6,4,126,31.5,1,3,66.7,68,0.4,14.0,66.7%,21.0,,,0,0,,,,,,4,31.5,126,1,,AndeRo04
323,Malik Heath,GNB,23,WR,13,1,24,15,125,8.3,1,6,41.7,16,1.2,9.6,62.5%,5.2,,,0,0,,,,,,15,8.3,125,1,,HeatMa00
324,Kyle Juszczyk*+,SFO,32,FB,17,16,17,14,119,8.5,2,8,82.4,22,0.8,7.0,82.4%,7.0,5,6,0,2,60.0,3,1.2,0.4,0.3,19,6.6,125,2,,JuszKy00
325,Ihmir Smith-Marsette,CAR,24,WR,17,0,10,8,51,6.4,0,5,50.0,18,0.5,3.0,80.0%,5.1,8,74,1,4,75.0,20,9.3,4.4,0.5,16,7.8,125,1,2,SmitIh00
326,Stephen Sullivan,CAR,27,TE,11,0,24,12,125,10.4,0,5,37.5,20,1.1,11.4,50.0%,5.2,,,0,0,,,,,,12,10.4,125,0,,SullSt00
327,Taylor Heinicke,ATL,30,QB,5,4,,,,,0,0,,,,,,,15,124,1,5,53.3,24,8.3,24.8,3.0,15,8.3,124,1,1,HeinTa00
328,Kevin Harris,NWE,23,RB,4,0,3,3,58,19.3,0,2,66.7,48,0.8,14.5,100.0%,19.3,16,65,1,2,50.0,18,4.1,16.3,4.0,19,6.5,123,1,,HarrKe01
329,River Cracraft,MIA,29,WR,10,1,12,9,121,13.4,1,8,66.7,24,0.9,12.1,75.0%,10.1,,,0,0,,,,,,9,13.4,121,1,,CracRi00
330,Tyler Goodson,IND,23,RB,6,1,9,6,34,5.7,0,1,55.6,15,1.0,5.7,66.7%,3.8,13,87,0,4,46.2,31,6.7,14.5,2.2,19,6.4,121,0,,GoodTy00
331,Jake Browning,CIN,27,QB,9,7,1,1,-7,-7.0,0,0,0.0,-7,0.1,-0.8,100.0%,-7.0,27,127,3,12,63.0,21,4.7,14.1,3.0,28,4.3,120,3,3,BrowJa08
332,Cole Turner,WAS,23,TE,12,1,15,11,120,10.9,0,4,60.0,29,0.9,10.0,73.3%,8.0,,,0,0,,,,,,11,10.9,120,0,,TurnCo00
333,Alec Ingold*,MIA,27,FB,17,13,16,13,119,9.2,0,5,62.5,23,0.8,7.0,81.3%,7.4,2,0,0,0,0.0,0,0.0,0.0,0.1,15,7.9,119,0,,IngoAl01
334,Andrei Iosivas,CIN,24,WR,16,1,25,15,116,7.7,4,11,60.0,16,0.9,7.3,60.0%,4.6,,,0,0,,,,,,15,7.7,116,4,,IosiAn00
335,Lynn Bowden Jr.,NOR,26,WR,15,3,16,11,83,7.5,0,2,37.5,17,0.7,5.5,68.8%,5.2,5,32,0,3,60.0,29,6.4,2.1,0.3,16,7.2,115,0,1,BowdLy00
336,Laviska Shenault Jr.,CAR,25,WR,8,0,10,10,60,6.0,0,2,30.0,14,1.3,7.5,100.0%,6.0,12,55,0,3,50.0,11,4.6,6.9,1.5,22,5.2,115,0,1,ShenLa00
337,Irv Smith Jr.,CIN,25,TE,12,6,26,18,115,6.4,1,5,38.5,14,1.5,9.6,69.2%,4.4,,,0,0,,,,,,18,6.4,115,1,1,SmitIr01
338,Richie James,KAN,28,WR,9,1,14,10,114,11.4,0,5,57.1,45,1.1,12.7,71.4%,8.1,,,0,0,,,,,,10,11.4,114,0,2,JameRi00
339,Israel Abanikanda,NYJ,21,RB,6,0,11,7,43,6.1,0,2,36.4,13,1.2,7.2,63.6%,3.9,22,70,0,3,36.4,12,3.2,11.7,3.7,29,3.9,113,0,1,AbanIs00
340,Robert Tonyan,CHI,29,TE,17,6,17,11,112,10.2,0,6,47.1,24,0.6,6.6,64.7%,6.6,,,0,0,,,,,,11,10.2,112,0,,TonyRo00
341,Damien Harris,BUF,26,RB,6,0,2,2,16,8.0,0,0,0.0,13,0.3,2.7,100.0%,8.0,23,94,1,9,65.2,11,4.1,15.7,3.8,25,4.4,110,1,,HarrDa06
342,La'Mical Perine,KAN,25,RB,3,1,5,3,33,11.0,0,1,20.0,25,1.0,11.0,60.0%,6.6,22,77,0,3,40.9,10,3.5,25.7,7.3,25,4.4,110,0,,PeriLa00
343,MyCole Pruitt,ATL,31,TE,17,8,12,9,110,12.2,1,6,66.7,22,0.5,6.5,75.0%,9.2,,,0,0,,,,,,9,12.2,110,1,1,PruiMy00
344,Tyson Bagent,CHI,23,QB,5,4,,,,,0,0,,,,,,,23,109,2,11,56.5,20,4.7,21.8,4.6,23,4.7,109,2,3,BageTy00
345,Emanuel Wilson,GNB,24,RB,7,0,5,4,23,5.8,0,1,80.0,9,0.6,3.3,80.0%,4.6,14,85,0,2,64.3,31,6.1,12.1,2.0,18,6.0,108,0,1,WilsEm00
346,Chris Brooks,MIA,23,RB,9,0,,,,,0,0,,,,,,,19,106,0,2,31.6,52,5.6,11.8,2.1,19,5.6,106,0,,BrooCh00
347,Parris Campbell,NYG,26,WR,12,3,27,20,104,5.2,0,2,37.0,17,1.7,8.7,74.1%,3.9,,,0,0,,,,,,20,5.2,104,0,,CampPa00
348,Marquise Goodwin,CLE,33,WR,12,0,13,4,67,16.8,0,1,7.7,57,0.3,5.6,30.8%,5.2,4,33,0,2,50.0,20,8.3,2.8,0.3,8,12.5,100,0,,GoodMa00
349,Keaontay Ingram,ARI,24,RB,8,1,4,4,26,6.5,0,1,50.0,9,0.5,3.3,100.0%,6.5,35,74,0,4,20.0,14,2.1,9.3,4.4,39,2.6,100,0,,IngrKe01
350,Gardner Minshew II*,IND,27,QB,17,13,,,,,0,0,,,,,,,34,100,3,7,29.4,23,2.9,5.9,2.0,34,2.9,100,3,8,MinsGa00
351,Mac Jones,NWE,25,QB,11,11,,,,,0,0,,,,,,,26,96,0,11,57.7,18,3.7,8.7,2.4,26,3.7,96,0,3,JoneMa05
352,Isaiah McKenzie,IND,28,WR,13,2,14,11,82,7.5,0,4,35.7,30,0.8,6.3,78.6%,5.9,3,14,0,0,33.3,7,4.7,1.1,0.2,14,6.9,96,0,3,McKeIs00
353,Davis Allen,LAR,22,TE,15,1,11,10,95,9.5,1,7,81.8,21,0.7,6.3,90.9%,8.6,,,0,0,,,,,,10,9.5,95,1,,AlleDa02
354,Lucas Krull,DEN,25,TE,7,2,14,8,95,11.9,1,5,42.9,35,1.1,13.6,57.1%,6.8,,,0,0,,,,,,8,11.9,95,1,,KrulLu00
355,David Moore,TAM,28,WR,7,0,7,5,94,18.8,1,3,71.4,52,0.7,13.4,71.4%,13.4,,,0,0,,,,,,5,18.8,94,1,,MoorDa03
356,Geoff Swaim,ARI,30,TE,14,8,11,10,94,9.4,0,4,72.7,26,0.7,6.7,90.9%,8.5,,,0,0,,,,,,10,9.4,94,0,,SwaiGe00
357,Josh Whyle,TEN,24,TE,11,3,15,9,94,10.4,1,8,60.0,24,0.8,8.5,60.0%,6.3,,,0,0,,,,,,9,10.4,94,1,,WhylJo01
358,Raheem Blackshear,CAR,24,RB,12,0,7,6,45,7.5,0,1,71.4,19,0.5,3.8,85.7%,6.4,14,46,0,1,35.7,9,3.3,3.8,1.2,20,4.6,91,0,,BlacRa00
359,Brock Wright,DET,25,TE,14,4,14,13,91,7.0,1,2,64.3,25,0.9,6.5,92.9%,6.5,,,0,0,,,,,,13,7.0,91,1,,WrigBr01
360,Harrison Bryant,CLE,25,TE,17,9,20,13,81,6.2,3,4,50.0,23,0.8,4.8,65.0%,4.1,5,8,0,4,80.0,2,1.6,0.5,0.3,18,4.9,89,3,1,BryaHa00
361,Jalen Guyton,LAC,26,WR,8,3,21,10,89,8.9,1,6,38.1,18,1.3,11.1,47.6%,4.2,,,0,0,,,,,,10,8.9,89,1,,GuytJa01
362,Joe Burrow,CIN,27,QB,10,10,,,,,0,0,,,,,,,31,88,0,9,38.7,20,2.8,8.8,3.1,31,2.8,88,0,2,BurrJo01
363,Charlie Kolar,BAL,24,TE,15,3,9,7,87,12.4,1,5,77.8,19,0.5,5.8,77.8%,9.7,,,0,0,,,,,,7,12.4,87,1,,KolaCh00
364,Trent Sherfield,BUF,27,WR,17,1,22,11,86,7.8,1,4,40.9,12,0.6,5.1,50.0%,3.9,,,0,0,,,,,,11,7.8,86,1,,SherTr00
365,Tim Jones,JAX,25,WR,17,2,18,11,83,7.5,0,4,38.9,15,0.6,4.9,61.1%,4.6,,,0,0,,,,,,11,7.5,83,0,,JoneTi00
366,Bailey Zappe,NWE,24,QB,10,6,,,,,0,0,,,,,,,17,83,1,6,47.1,18,4.9,8.3,1.7,17,4.9,83,1,2,ZappBa00
367,Deuce Vaughn,DAL,22,RB,7,0,7,7,40,5.7,0,1,42.9,11,1.0,5.7,100.0%,5.7,23,40,0,1,8.7,13,1.7,5.7,3.3,30,2.7,80,0,,VaugDe00
368,Trayveon Williams,CIN,26,RB,17,0,9,7,10,1.4,0,0,11.1,5,0.4,0.6,77.8%,1.1,15,69,0,2,33.3,15,4.6,4.1,0.9,22,3.6,79,0,,WillTr06
369,Brycen Hopkins,LAR,26,TE,15,0,7,5,78,15.6,0,3,57.1,29,0.3,5.2,71.4%,11.1,,,0,0,,,,,,5,15.6,78,0,,HopkBr01
370,Samori Toure,GNB,25,WR,11,0,18,8,78,9.8,0,4,27.8,35,0.7,7.1,44.4%,4.3,,,0,0,,,,,,8,9.8,78,0,1,TourSa00
371,Chase Claypool,2TM,25,,12,2,21,8,77,9.6,1,4,23.8,20,0.7,6.4,38.1%,3.7,,,0,0,,,,,,8,9.6,77,1,,ClayCh01
372,Charlie Jones,CIN,25,WR,11,0,9,7,64,9.1,0,3,44.4,35,0.6,5.8,77.8%,7.1,2,13,0,1,100.0,7,6.5,1.2,0.2,9,8.6,77,0,,JoneCh11
373,Ben Skowronek,LAR,26,WR,17,0,12,8,66,8.3,1,3,41.7,20,0.5,3.9,66.7%,5.5,2,9,0,1,50.0,11,4.5,0.5,0.1,10,7.5,75,1,,SkowBe00
374,Julio Jones,PHI,34,WR,11,4,19,11,74,6.7,3,4,31.6,22,1.0,6.7,57.9%,3.9,,,0,0,,,,,,11,6.7,74,3,,JoneJu02
375,Tua Tagovailoa*,MIA,25,QB,17,17,,,,,0,0,,,,,,,35,74,0,5,20.0,9,2.1,4.4,2.1,35,2.1,74,0,13,TagoTu00
376,Ryan Tannehill,TEN,35,QB,10,8,1,0,0,,0,0,0.0,0,0.0,0.0,0.0%,0.0,17,74,1,4,35.3,23,4.4,7.4,1.7,17,4.4,74,1,4,TannRy00
377,Velus Jones Jr.,CHI,26,WR,14,0,7,4,20,5.0,0,1,42.9,11,0.3,1.4,57.1%,2.9,8,51,0,4,62.5,17,6.4,3.6,0.6,12,5.9,71,0,,JoneVe00
378,Eric Gray,NYG,24,RB,13,0,7,6,22,3.7,0,0,0.0,9,0.5,1.7,85.7%,3.1,17,48,0,2,35.3,12,2.8,3.7,1.3,23,3.0,70,0,3,GrayEr01
379,Chris Conley,SFO,31,WR,8,0,6,3,69,23.0,0,2,33.3,48,0.4,8.6,50.0%,11.5,,,0,0,,,,,,3,23.0,69,0,,ConlCh00
380,Ronnie Bell,SFO,23,WR,17,0,13,6,68,11.3,3,5,46.2,20,0.4,4.0,46.2%,5.2,,,0,0,,,,,,6,11.3,68,3,1,BellRo01
381,Gary Brightwell,NYG,24,RB,7,0,7,5,47,9.4,0,2,42.9,18,0.7,6.7,71.4%,6.7,9,19,0,0,22.2,5,2.1,2.7,1.3,14,4.7,66,0,,BrigGa00
382,Josiah Deguara,GNB,26,TE,15,4,8,8,65,8.1,0,3,75.0,19,0.5,4.3,100.0%,8.1,,,0,0,,,,,,8,8.1,65,0,,DeguJo00
383,Luke Schoonmaker,DAL,25,TE,17,0,15,8,65,8.1,2,5,40.0,18,0.5,3.8,53.3%,4.3,,,0,0,,,,,,8,8.1,65,2,,SchoLu00
384,Matthew Stafford*,LAR,35,QB,15,15,,,,,0,0,,,,,,,21,65,0,4,33.3,9,3.1,4.3,1.4,21,3.1,65,0,,StafMa00
385,Dorian Thompson-Robinson,CLE,24,QB,8,3,,,,,0,0,,,,,,,14,65,0,4,35.7,12,4.6,8.1,1.8,14,4.6,65,0,2,ThomDo02
386,Jalen Brooks,DAL,23,WR,7,0,6,6,64,10.7,0,4,83.3,24,0.9,9.1,100.0%,10.7,,,0,0,,,,,,6,10.7,64,0,,BrooJa03
387,Mike Boone,HOU,28,RB,9,0,9,7,40,5.7,0,2,44.4,12,0.8,4.4,77.8%,4.4,5,23,0,2,60.0,11,4.6,2.6,0.6,12,5.3,63,0,1,BoonMi00
388,Sterling Shepard,NYG,30,WR,15,2,22,10,57,5.7,1,4,22.7,13,0.7,3.8,45.5%,2.6,1,6,0,0,100.0,6,6.0,0.4,0.1,11,5.7,63,1,1,ShepSt00
389,DeeJay Dallas,SEA,25,RB,17,0,9,6,26,4.3,0,1,11.1,14,0.4,1.5,66.7%,2.9,10,36,0,2,70.0,8,3.6,2.1,0.6,16,3.9,62,0,2,DallDe00
390,Equanimeous St. Brown,CHI,27,WR,7,2,6,5,62,12.4,0,3,83.3,21,0.7,8.9,83.3%,10.3,,,0,0,,,,,,5,12.4,62,0,,St.BEq00
391,Darnell Washington,PIT,22,TE,17,7,10,7,61,8.7,0,4,60.0,12,0.4,3.6,70.0%,6.1,,,0,0,,,,,,7,8.7,61,0,,WashDa03
392,Rakim Jarrett,TAM,22,WR,10,0,9,4,60,15.0,0,1,33.3,41,0.4,6.0,44.4%,6.7,1,0,0,0,0.0,0,0.0,0.0,0.1,5,12.0,60,0,,JarrRa00
393,Andrew Beck,HOU,27,FB,15,12,13,11,55,5.0,2,4,53.8,26,0.7,3.7,84.6%,4.2,5,3,1,2,40.0,2,0.6,0.2,0.3,16,3.6,58,3,1,BeckAn01
394,Payne Durham,TAM,23,TE,13,2,7,5,58,11.6,0,3,71.4,25,0.4,4.5,71.4%,8.3,,,0,0,,,,,,5,11.6,58,0,,DurhPa00
395,C.J. Uzomah,NYJ,30,TE,12,8,12,8,58,7.3,1,5,58.3,19,0.7,4.8,66.7%,4.8,,,0,0,,,,,,8,7.3,58,1,,UzomC.00
396,DeAndre Carter,LVR,30,WR,17,1,7,4,39,9.8,0,0,28.6,16,0.2,2.3,57.1%,5.6,3,18,0,2,66.7,15,6.0,1.1,0.2,7,8.1,57,0,2,CartDe02
397,Will Levis,TEN,24,QB,9,9,,,,,0,0,,,,,,,25,57,1,7,36.0,11,2.3,6.3,2.8,25,2.3,57,1,7,LeviWi00
398,Jason Brownlee,NYJ,24,WR,7,5,8,5,56,11.2,1,2,50.0,24,0.7,8.0,62.5%,7.0,,,0,0,,,,,,5,11.2,56,1,,BrowJa07
399,D.J. Montgomery,IND,27,WR,7,0,8,3,56,18.7,1,3,37.5,34,0.4,8.0,37.5%,7.0,,,0,0,,,,,,3,18.7,56,1,,MontDJ01
400,Ian Thomas,CAR,27,TE,12,5,9,5,56,11.2,0,1,33.3,28,0.4,4.7,55.6%,6.2,,,0,0,,,,,,5,11.2,56,0,,ThomIa00
401,Carson Wentz,LAR,31,QB,2,1,,,,,0,0,,,,,,,17,56,1,4,58.8,12,3.3,28.0,8.5,17,3.3,56,1,,WentCa00
402,Mitchell Wilcox,CIN,27,TE,17,4,12,9,56,6.2,0,2,50.0,12,0.5,3.3,75.0%,4.7,,,0,0,,,,,,9,6.2,56,0,,WilcMi01
403,Tyler Huntley,BAL,25,QB,5,1,,,,,0,0,,,,,,,15,55,0,3,40.0,11,3.7,11.0,3.0,15,3.7,55,0,,HuntTy01
404,Damien Williams,ARI,31,RB,3,0,2,2,12,6.0,0,0,50.0,8,0.7,4.0,100.0%,6.0,11,43,0,1,54.5,9,3.9,14.3,3.7,13,4.2,55,0,,WillDa05
405,Kenny Pickett,PIT,25,QB,12,12,,,,,0,0,,,,,,,42,54,1,12,38.1,11,1.3,4.5,3.5,42,1.3,54,1,2,PickKe00
406,Mitchell Trubisky,PIT,29,QB,5,2,,,,,0,0,,,,,,,16,54,2,6,50.0,15,3.4,10.8,3.2,16,3.4,54,2,1,TrubMi00
407,Dare Ogunbowale,HOU,29,RB,12,0,7,2,18,9.0,0,0,0.0,14,0.2,1.5,28.6%,2.6,8,35,0,2,37.5,17,4.4,2.9,0.7,10,5.3,53,0,,OgunDa00
408,Justyn Ross,KAN,24,WR,10,1,11,6,53,8.8,0,2,45.5,20,0.6,5.3,54.5%,4.8,,,0,0,,,,,,6,8.8,53,0,,RossJu00
409,Marcus Mariota,PHI,30,QB,3,0,,,,,0,0,,,,,,,8,52,0,6,87.5,17,6.5,17.3,2.7,8,6.5,52,0,1,MariMa01
410,Patrick Ricard,BAL,29,FB,17,9,7,5,52,10.4,1,3,42.9,28,0.3,3.1,71.4%,7.4,,,0,0,,,,,,5,10.4,52,1,,RicaPa00
411,Ty Montgomery,NWE,30,WR,13,0,12,5,40,8.0,0,3,33.3,17,0.4,3.1,41.7%,3.3,3,9,0,0,33.3,7,3.0,0.7,0.2,8,6.1,49,0,,MontTy01
412,Julian Hill,MIA,23,TE,15,4,9,6,48,8.0,0,2,55.6,18,0.4,3.2,66.7%,5.3,,,0,0,,,,,,6,8.0,48,0,1,HillJu02
413,Blaine Gabbert,KAN,34,QB,2,1,,,,,0,0,,,,,,,7,45,0,2,42.9,25,6.4,22.5,3.5,7,6.4,45,0,,GabbBl00
414,Mike Strachan,CAR,26,WR,4,1,3,1,45,45.0,0,1,33.3,45,0.3,11.3,33.3%,15.0,,,0,0,,,,,,1,45.0,45,0,,StraMi03
415,Ke'Shawn Vaughn,TAM,26,RB,6,0,5,2,2,1.0,0,0,0.0,3,0.3,0.3,40.0%,0.4,24,42,0,0,20.8,9,1.8,7.0,4.0,26,1.7,44,0,,VaugKe00
416,Britain Covey,PHI,26,WR,16,0,6,4,42,10.5,0,2,66.7,22,0.3,2.6,66.7%,7.0,,,0,0,,,,,,4,10.5,42,0,2,CoveBr00
417,Derek Carr,NOR,32,QB,17,17,,,,,0,0,,,,,,,32,40,0,4,25.0,10,1.3,2.4,1.9,32,1.3,40,0,7,CarrDe02
418,Leonard Fournette,BUF,28,RB,2,0,,,,,0,0,,,,,,,12,40,0,2,41.7,9,3.3,20.0,6.0,12,3.3,40,0,,FourLe00
419,Trevor Siemian,NYJ,32,QB,5,3,,,,,0,0,,,,,,,11,40,0,5,54.5,13,3.6,8.0,2.2,11,3.6,40,0,5,SiemTr00
420,Grant Calcaterra,PHI,25,TE,15,1,4,4,39,9.8,0,3,100.0,12,0.3,2.6,100.0%,9.8,,,0,0,,,,,,4,9.8,39,0,,CalcGr00
421,Randall Cobb,NYJ,33,WR,11,1,17,5,39,7.8,1,3,17.6,15,0.5,3.5,29.4%,2.3,,,0,0,,,,,,5,7.8,39,1,,CobbRa00
422,Jimmy Garoppolo,LVR,32,QB,7,6,,,,,0,0,,,,,,,20,39,0,6,30.0,9,2.0,5.6,2.9,20,2.0,39,0,1,GaroJi00
423,Jimmy Graham,NOR,37,TE,13,2,7,6,39,6.5,4,6,85.7,12,0.5,3.0,85.7%,5.6,,,0,0,,,,,,6,6.5,39,4,,GrahJi00
424,Elijah Cooks,JAX,25,WR,9,0,4,3,38,12.7,0,2,50.0,23,0.3,4.2,75.0%,9.5,,,0,0,,,,,,3,12.7,38,0,,CookEl00
425,Peyton Hendershot,DAL,24,TE,8,1,7,4,38,9.5,0,1,42.9,24,0.5,4.8,57.1%,5.4,1,0,0,0,0.0,0,0.0,0.0,0.1,5,7.6,38,0,,HendPe01
426,Rashaad Penny,PHI,27,RB,3,0,1,1,5,5.0,0,0,100.0,5,0.3,1.7,100.0%,5.0,11,33,0,1,45.5,7,3.0,11.0,3.7,12,3.2,38,0,,PennRa00
427,Jack Stoll,PHI,25,TE,17,10,8,5,38,7.6,0,2,50.0,14,0.3,2.2,62.5%,4.8,,,0,0,,,,,,5,7.6,38,0,,StolJa00
428,J.K. Dobbins,BAL,25,RB,1,1,3,2,15,7.5,0,0,66.7,10,2.0,15.0,66.7%,5.0,8,22,1,1,50.0,4,2.8,22.0,8.0,10,3.7,37,1,,DobbJK00
429,Keith Kirkwood,NOR,29,WR,13,4,9,5,37,7.4,1,3,44.4,13,0.4,2.8,55.6%,4.1,,,0,0,,,,,,5,7.4,37,1,,KirkKe00
430,Hunter Luepke,DAL,23,RB,17,0,4,3,18,6.0,0,1,50.0,12,0.2,1.1,75.0%,4.5,6,19,1,5,83.3,9,3.2,1.1,0.4,9,4.1,37,1,,LuepHu00
431,Lawrence Cager,NYG,26,TE,11,0,5,4,36,9.0,1,2,60.0,10,0.4,3.3,80.0%,7.2,,,0,0,,,,,,4,9.0,36,1,,CageLa01
432,C.J. Beathard,JAX,30,QB,7,1,,,,,0,0,,,,,,,8,35,0,2,37.5,19,4.4,5.0,1.1,8,4.4,35,0,1,BeatC.00
433,Marvin Jones,DET,33,WR,6,4,10,5,35,7.0,0,2,30.0,16,0.8,5.8,50.0%,3.5,,,0,0,,,,,,5,7.0,35,0,1,JoneMa02
434,Brenton Strange,JAX,23,TE,14,4,9,5,35,7.0,1,2,22.2,17,0.4,2.5,55.6%,3.9,,,0,0,,,,,,5,7.0,35,1,,StraBr00
435,Keelan Doss,LAC,27,WR,5,0,13,6,33,5.5,0,1,23.1,9,1.2,6.6,46.2%,2.5,,,0,0,,,,,,6,5.5,33,0,,DossKe00
436,Jeff Driskel,CLE,30,QB,1,1,,,,,0,0,,,,,,,7,33,0,4,71.4,13,4.7,33.0,7.0,7,4.7,33,0,,DrisJe00
437,Devin Duvernay,BAL,26,WR,13,1,9,4,18,4.5,0,0,11.1,10,0.3,1.4,44.4%,2.0,4,15,0,0,50.0,8,3.8,1.2,0.3,8,4.1,33,0,,DuveDe00
438,Teagan Quitoriano,HOU,23,TE,7,5,3,2,33,16.5,0,2,66.7,22,0.3,4.7,66.7%,11.0,,,0,0,,,,,,2,16.5,33,0,,QuitTe00
439,Keith Smith,ATL,31,FB,13,6,3,3,33,11.0,0,1,66.7,28,0.2,2.5,100.0%,11.0,,,0,0,,,,,,3,11.0,33,0,,SmitKe03
440,C.J. Ham*,MIN,30,FB,17,5,9,7,25,3.6,0,1,33.3,7,0.4,1.5,77.8%,2.8,1,7,0,0,100.0,7,7.0,0.4,0.1,8,4.0,32,0,,HamxC.00
441,Sean Tucker,TAM,22,RB,11,0,2,2,9,4.5,0,0,50.0,6,0.2,0.8,100.0%,4.5,15,23,0,1,26.7,7,1.5,2.1,1.4,17,1.9,32,0,,TuckSe00
442,Charlie Woerner,SFO,26,TE,17,2,3,3,32,10.7,0,1,66.7,20,0.2,1.9,100.0%,10.7,,,0,0,,,,,,3,10.7,32,0,,WoerCh00
443,Brandon Bolden,LVR,33,RB,17,0,,,,,0,0,,,,,,,4,31,1,2,50.0,26,7.8,1.8,0.2,4,7.8,31,1,,BoldBr00
444,Khalil Dorsey,DET,25,CB,13,2,1,1,31,31.0,0,1,100.0,31,0.1,2.4,100.0%,31.0,,,0,0,,,,,,1,31.0,31,0,,DorsKh00
445,Kenyan Drake,2TM,29,,3,0,3,2,31,15.5,0,0,66.7,24,0.7,10.3,66.7%,10.3,2,0,0,0,0.0,0,0.0,0.0,0.7,4,7.8,31,0,1,DrakKe00
446,Deon Jackson,3TM,24,,4,1,6,5,14,2.8,0,0,33.3,8,1.3,3.5,83.3%,2.3,14,16,0,1,14.3,7,1.1,4.0,3.5,19,1.6,30,0,2,JackDe02
447,Clayton Tune,ARI,24,QB,7,1,,,,,0,0,,,,,,,8,30,1,3,62.5,11,3.8,4.3,1.1,8,3.8,30,1,2,TuneCl00
448,P.J. Walker,CLE,28,QB,6,2,,,,,0,0,,,,,,,13,30,0,3,46.2,9,2.3,5.0,2.2,13,2.3,30,0,4,WalkPh00
449,Marcedes Lewis,CHI,39,TE,17,4,5,4,29,7.3,1,2,80.0,16,0.2,1.7,80.0%,5.8,,,0,0,,,,,,4,7.3,29,1,,LewiMa00
450,Jalen Nailor,MIN,24,WR,6,1,6,3,29,9.7,0,1,33.3,16,0.5,4.8,50.0%,4.8,,,0,0,,,,,,3,9.7,29,0,,NailJa00
451,Austin Trammell,LAR,25,WR,16,0,7,4,29,7.3,0,2,28.6,14,0.3,1.8,57.1%,4.1,,,0,0,,,,,,4,7.3,29,0,3,TramAu00
452,Khari Blasingame,CHI,27,FB,16,2,6,3,2,0.7,0,0,16.7,4,0.2,0.1,50.0%,0.3,8,26,0,0,25.0,6,3.3,1.6,0.5,11,2.5,28,0,,BlasKh00
453,James Mitchell,DET,24,TE,15,1,2,2,28,14.0,0,1,100.0,24,0.1,1.9,100.0%,14.0,,,0,0,,,,,,2,14.0,28,0,,MitcJa00
454,Kenny Yeboah,NYJ,25,TE,5,1,4,2,28,14.0,0,1,50.0,20,0.4,5.6,50.0%,7.0,,,0,0,,,,,,2,14.0,28,0,,YeboKe00
455,Blake Bell,KAN,32,TE,17,3,9,5,26,5.2,1,1,44.4,8,0.3,1.5,55.6%,2.9,,,0,0,,,,,,5,5.2,26,1,1,BellBl00
456,Derrick Gore,WAS,29,RB,6,0,,,,,0,0,,,,,,,3,26,0,1,33.3,23,8.7,4.3,0.5,3,8.7,26,0,,GoreDe00
457,Quintin Morris,BUF,24,TE,15,0,3,2,26,13.0,1,1,33.3,15,0.1,1.7,66.7%,8.7,,,0,0,,,,,,2,13.0,26,1,,MorrQu00
458,Steven Sims,HOU,26,WR,3,0,3,3,25,8.3,0,1,33.3,23,1.0,8.3,100.0%,8.3,1,1,0,0,0.0,1,1.0,0.3,0.3,4,6.5,26,0,,SimsSt00
459,Nick Bawden,NYJ,27,FB,16,2,3,3,21,7.0,0,1,66.7,8,0.2,1.3,100.0%,7.0,2,4,1,1,50.0,3,2.0,0.3,0.1,5,5.0,25,1,,BawdNi00
460,Kirk Cousins,MIN,35,QB,8,8,,,,,0,0,,,,,,,14,25,0,6,50.0,10,1.8,3.1,1.8,14,1.8,25,0,7,CousKi00
461,Greg Dulcich,DEN,23,TE,2,1,4,3,25,8.3,0,2,50.0,13,1.5,12.5,75.0%,6.3,,,0,0,,,,,,3,8.3,25,0,,DulcGr00
462,Nick Mullens,MIN,28,QB,5,3,,,,,0,0,,,,,,,10,25,0,4,50.0,6,2.5,5.0,2.0,10,2.5,25,0,2,MullNi00
463,Adam Prentice,NOR,26,FB,13,1,3,2,12,6.0,0,0,33.3,7,0.2,0.9,66.7%,4.0,2,12,0,1,100.0,7,6.0,0.9,0.2,4,6.0,24,0,1,PrenAd00
464,Nate Adkins,DEN,24,TE,10,1,5,4,22,5.5,0,1,20.0,11,0.4,2.2,80.0%,4.4,,,0,0,,,,,,4,5.5,22,0,,AdkiNa00
465,Erik Ezukanma,MIA,23,WR,2,0,1,0,0,,0,0,0.0,0,0.0,0.0,0.0%,0.0,5,22,0,1,60.0,12,4.4,11.0,2.5,5,4.4,22,0,,EzukEr00
466,Jake Funk,IND,25,RB,4,0,1,1,12,12.0,0,1,100.0,12,0.3,3.0,100.0%,12.0,2,10,0,0,0.0,7,5.0,2.5,0.5,3,7.3,22,0,,FunkJa00
467,Nick Muse,MIN,25,TE,2,0,1,1,22,22.0,0,1,100.0,22,0.5,11.0,100.0%,22.0,,,0,0,,,,,,1,22.0,22,0,,MuseNi00
468,Tyrion Davis-Price,SFO,23,RB,1,0,,,,,0,0,,,,,,,6,21,0,1,50.0,15,3.5,21.0,6.0,6,3.5,21,0,,DaviTy03
469,Jared Goff,DET,29,QB,17,17,,,,,0,0,,,,,,,32,21,2,5,21.9,11,0.7,1.2,1.9,32,0.7,21,2,6,GoffJa00
470,Zonovan Knight,DET,22,RB,2,0,1,1,8,8.0,0,0,100.0,8,0.5,4.0,100.0%,8.0,3,13,0,0,33.3,8,4.3,6.5,1.5,4,5.3,21,0,,KnigZo00
471,Ben Sims,GNB,23,TE,17,1,6,4,21,5.3,1,3,66.7,12,0.2,1.2,66.7%,3.5,,,0,0,,,,,,4,5.3,21,1,,SimsBe00
472,Trevon Wesco,TEN,28,TE,15,10,3,1,21,21.0,0,1,33.3,21,0.1,1.4,33.3%,7.0,,,0,0,,,,,,1,21.0,21,0,,WescTr00
473,Malik Willis,TEN,24,QB,3,0,,,,,0,0,,,,,,,5,21,0,1,40.0,11,4.2,7.0,1.7,5,4.2,21,0,1,WillMa12
474,Kayshon Boutte,NWE,21,WR,5,0,7,2,19,9.5,0,1,28.6,11,0.4,3.8,28.6%,2.7,,,0,0,,,,,,2,9.5,19,0,,BoutKa00
475,Jacoby Brissett,WAS,31,QB,3,0,,,,,0,0,,,,,,,3,19,0,0,66.7,10,6.3,6.3,1.0,3,6.3,19,0,,BrisJa00
476,Elijah Dotson,LAC,24,RB,4,0,2,2,13,6.5,0,0,100.0,7,0.5,3.3,100.0%,6.5,4,6,0,0,25.0,2,1.5,1.5,1.0,6,3.2,19,0,,DotsEl00
477,Zach Evans,LAR,22,RB,10,0,,,,,0,0,,,,,,,9,19,0,0,0.0,5,2.1,1.9,0.9,9,2.1,19,0,,EvanZa00
478,Zach Pascal,ARI,29,WR,14,1,15,4,19,4.8,0,1,20.0,9,0.3,1.4,26.7%,1.3,,,0,0,,,,,,4,4.8,19,0,,PascZa00
479,Brett Rypien,LAR,27,QB,2,1,,,,,0,0,,,,,,,3,19,0,1,66.7,8,6.3,9.5,1.5,3,6.3,19,0,2,RypiBr00
480,Brandin Echols,NYJ,26,CB,14,1,1,1,18,18.0,0,1,100.0,18,0.1,1.3,100.0%,18.0,,,0,0,,,,,,1,18.0,18,0,,EchoBr00
481,Miles Boykin,PIT,27,WR,17,0,4,3,17,5.7,0,0,50.0,6,0.2,1.0,75.0%,4.3,,,0,0,,,,,,3,5.7,17,0,,BoykMi00
482,Michael Burton,DEN,31,FB,17,3,3,3,8,2.7,0,2,66.7,4,0.2,0.5,100.0%,2.7,7,9,0,4,57.1,4,1.3,0.5,0.4,10,1.7,17,0,,BurtMi00
483,Chris Manhertz,DEN,31,TE,16,4,4,2,16,8.0,0,1,50.0,10,0.1,1.0,50.0%,4.0,,,0,0,,,,,,2,8.0,16,0,,ManhCh00
484,Laquon Treadwell,BAL,28,WR,5,1,3,1,16,16.0,0,1,33.3,16,0.2,3.2,33.3%,5.3,,,0,0,,,,,,1,16.0,16,0,,TreaLa00
485,Sam Darnold,SFO,26,QB,10,1,,,,,0,0,,,,,,,21,15,1,3,23.8,9,0.7,1.5,2.1,21,0.7,15,1,3,DarnSa00
486,Jaren Hall,MIN,25,QB,3,2,,,,,0,0,,,,,,,6,14,0,0,16.7,8,2.3,4.7,2.0,6,2.3,14,0,2,HallJa00
487,Drew Lock,SEA,27,QB,4,2,,,,,0,0,,,,,,,5,14,0,1,20.0,11,2.8,3.5,1.3,5,2.8,14,0,,LockDr00
488,Willie Snead,SFO,31,WR,4,0,3,2,14,7.0,0,0,66.7,9,0.5,3.5,66.7%,4.7,,,0,0,,,,,,2,7.0,14,0,,SneaWi00
489,Alex Armah,WAS,29,RB,8,0,3,3,13,4.3,0,1,33.3,10,0.4,1.6,100.0%,4.3,,,0,0,,,,,,3,4.3,13,0,,ArmaAl00
490,Jashaun Corbin,NYG,23,RB,6,0,3,3,12,4.0,0,1,33.3,7,0.5,2.0,100.0%,4.0,1,1,0,1,100.0,1,1.0,0.2,0.2,4,3.3,13,0,,CorbJa01
491,Kene Nwangwu,MIN,25,RB,9,0,,,,,0,0,,,,,,,5,13,0,0,40.0,8,2.6,1.4,0.6,5,2.6,13,0,,NwanKe00
492,Devine Ozigbo,DET,27,RB,3,0,1,1,8,8.0,0,0,100.0,8,0.3,2.7,100.0%,8.0,3,5,0,1,66.7,4,1.7,1.7,1.0,4,3.3,13,0,,OzigDe01
493,Malik Taylor,NYJ,28,WR,3,0,4,2,13,6.5,0,0,25.0,7,0.7,4.3,50.0%,3.3,,,0,0,,,,,,2,6.5,13,0,,TaylMa01
494,Andy Dalton,CAR,36,QB,3,1,,,,,0,0,,,,,,,3,12,0,2,66.7,10,4.0,4.0,1.0,3,4.0,12,0,,DaltAn00
495,Ross Dwelley,SFO,28,TE,12,0,2,1,12,12.0,0,1,50.0,12,0.1,1.0,50.0%,6.0,,,0,0,,,,,,1,12.0,12,0,,DwelRo00
496,John FitzPatrick,ATL,23,TE,9,0,1,1,12,12.0,0,1,100.0,12,0.1,1.3,100.0%,12.0,,,0,0,,,,,,1,12.0,12,0,,FitzJo00
497,Jakob Johnson,LVR,29,FB,13,5,2,1,12,12.0,0,0,50.0,12,0.1,0.9,50.0%,6.0,,,0,0,,,,,,1,12.0,12,0,,JohnJa12
498,Eric Saubert,2TM,29,,10,1,3,3,12,4.0,0,1,100.0,5,0.3,1.2,100.0%,4.0,,,0,0,,,,,,3,4.0,12,0,,SaubEr00
499,Chris Evans,CIN,26,RB,8,0,1,1,-1,-1.0,0,0,0.0,-1,0.1,-0.1,100.0%,-1.0,2,12,0,0,0.0,7,6.0,1.5,0.3,3,3.7,11,0,,EvanCh02
500,Collin Johnson,CHI,26,WR,3,0,1,1,11,11.0,0,1,100.0,11,0.3,3.7,100.0%,11.0,,,0,0,,,,,,1,11.0,11,0,,JohnCo01
501,Anthony McFarland Jr.,PIT,24,RB,3,0,2,2,11,5.5,0,1,100.0,6,0.7,3.7,100.0%,5.5,,,0,0,,,,,,2,5.5,11,0,,McFaAn00
502,Keisean Nixon+,GNB,26,CB,17,13,,,,,0,0,,,,,,,1,11,0,1,100.0,11,11.0,0.6,0.1,1,11.0,11,0,3,NixoKe00
503,Aidan O'Connell,LVR,25,QB,11,10,,,,,0,0,,,,,,,17,11,1,7,41.2,3,0.6,1.0,1.5,17,0.6,11,1,4,OConAi00
504,Tylan Wallace,BAL,24,WR,11,0,2,1,11,11.0,0,1,50.0,11,0.1,1.0,50.0%,5.5,,,0,0,,,,,,1,11.0,11,0,,WallTy00
505,Jonathan Ward,TEN,26,RB,7,0,,,,,0,0,,,,,,,3,11,0,1,33.3,8,3.7,1.6,0.4,3,3.7,11,0,,WardJo00
506,Blake Gillikin,ARI,25,P,13,0,,,,,0,0,,,,,,,1,10,0,1,100.0,10,10.0,0.8,0.1,1,10.0,10,0,,GillBl00
507,Cody Thompson,SEA,27,WR,7,0,1,1,10,10.0,0,0,0.0,10,0.1,1.4,100.0%,10.0,,,0,0,,,,,,1,10.0,10,0,,ThomCo04
508,Simi Fehoko,LAC,26,WR,6,0,2,1,9,9.0,1,1,50.0,9,0.2,1.5,50.0%,4.5,,,0,0,,,,,,1,9.0,9,1,,FehoSi00
509,Tucker Fisk,ATL,24,TE,6,2,1,1,9,9.0,0,1,100.0,9,0.2,1.5,100.0%,9.0,,,0,0,,,,,,1,9.0,9,0,,FiskTu00
510,Trishton Jackson,MIN,25,WR,7,0,4,2,9,4.5,0,0,0.0,7,0.3,1.3,50.0%,2.3,,,0,0,,,,,,2,4.5,9,0,,JackTr02
511,Davis Mills,HOU,25,QB,6,0,,,,,0,0,,,,,,,2,9,0,0,50.0,9,4.5,1.5,0.3,2,4.5,9,0,,MillDa02
512,Tyler Johnson,LAR,25,WR,1,0,3,2,8,4.0,1,1,33.3,8,2.0,8.0,66.7%,2.7,,,0,0,,,,,,2,4.0,8,1,,JohnTy00
513,Mason Rudolph,PIT,28,QB,4,3,,,,,0,0,,,,,,,10,8,0,4,40.0,7,0.8,2.0,2.5,10,0.8,8,0,3,RudoMa00
514,Jarrett Stidham,DEN,27,QB,3,2,,,,,0,0,,,,,,,9,8,0,1,22.2,4,0.9,2.7,3.0,9,0.9,8,0,1,StidJa00
515,Evan Hull,IND,23,RB,1,0,1,1,6,6.0,0,0,100.0,6,1.0,6.0,100.0%,6.0,1,1,0,0,0.0,1,1.0,1.0,1.0,2,3.5,7,0,,HullEv00
516,Cole Fotheringham,LVR,26,TE,2,0,1,1,6,6.0,0,0,100.0,6,0.5,3.0,100.0%,6.0,,,0,0,,,,,,1,6.0,6,0,,FothCo00
517,Mason Kinsey,TEN,25,WR,6,0,1,1,6,6.0,0,0,0.0,6,0.2,1.0,100.0%,6.0,,,0,0,,,,,,1,6.0,6,0,,KinsMa00
518,Kevin Rader,TEN,28,TE,14,0,3,1,6,6.0,0,0,33.3,6,0.1,0.4,33.3%,2.0,,,0,0,,,,,,1,6.0,6,0,,RadeKe00
519,Malcolm Rodriguez,DET,24,LB,17,3,1,1,6,6.0,0,1,100.0,6,0.1,0.4,100.0%,6.0,,,0,0,,,,,,1,6.0,6,0,,RodrMa00
520,Logan Woodside,ATL,28,QB,1,0,,,,,0,0,,,,,,,1,6,0,0,100.0,6,6.0,6.0,1.0,1,6.0,6,0,,WoodLo00
521,Tim Boyle,NYJ,29,QB,3,2,,,,,0,0,,,,,,,4,5,0,3,75.0,2,1.3,1.7,1.3,4,1.3,5,0,2,BoylTi00
522,D'Wayne Eskridge,SEA,26,WR,4,0,1,0,0,,0,0,0.0,0,0.0,0.0,0.0%,0.0,2,5,0,1,50.0,10,2.5,1.3,0.5,2,2.5,5,0,,EskrDW00
523,Greg Van Roten,LVR,33,G,17,17,0,0,5,,0,0,,,0.0,0.3,0.0%,,,,0,0,,,,,,,,5,0,1,VanRGr00
524,Jesper Horsted,LVR,26,TE,13,0,1,1,4,4.0,0,0,100.0,4,0.1,0.3,100.0%,4.0,,,0,0,,,,,,1,4.0,4,0,,HorsJe00
525,Dan Skipper,DET,29,T,11,1,1,1,4,4.0,0,0,100.0,4,0.1,0.4,100.0%,4.0,,,0,0,,,,,,1,4.0,4,0,,SkipDa00
526,Ashtyn Davis,NYJ,27,S,17,5,,,,,0,0,,,,,,,2,3,0,1,50.0,4,1.5,0.2,0.1,2,1.5,3,0,1,DaviAs00
527,Colton Dowell,TEN,24,WR,10,1,2,1,3,3.0,0,0,0.0,3,0.1,0.3,50.0%,1.5,,,0,0,,,,,,1,3.0,3,0,,DoweCo00
528,Reggie Gilliam,BUF,26,FB,17,0,1,1,3,3.0,0,0,0.0,3,0.1,0.2,100.0%,3.0,,,0,0,,,,,,1,3.0,3,0,,GillRe00
529,Jalen Reeves-Maybin*,DET,28,LB,17,0,,,,,0,0,,,,,,,2,3,0,1,50.0,3,1.5,0.2,0.1,2,1.5,3,0,,ReevJa00
530,Cole Strange,NWE,25,OL,10,10,0,0,3,,0,0,,,0.0,0.3,0.0%,,,,0,0,,,,,,,,3,0,,StraCo01
531,Nick Vannett,LAC,30,TE,8,5,1,1,3,3.0,0,1,100.0,3,0.1,0.4,100.0%,3.0,,,0,0,,,,,,1,3.0,3,0,,VannNi00
532,Joe Flacco,CLE,38,QB,5,5,,,,,0,0,,,,,,,9,2,0,3,33.3,3,0.2,0.4,1.8,9,0.2,2,0,4,FlacJo00
533,Antoine Green,DET,24,WR,9,0,2,1,2,2.0,0,0,0.0,2,0.1,0.2,50.0%,1.0,,,0,0,,,,,,1,2.0,2,0,,GreeAn00
534,Amani Hooker,TEN,25,DB,13,13,,,,,0,0,,,,,,,1,2,0,1,100.0,2,2.0,0.2,0.1,1,2.0,2,0,,HookAm00
535,Ko Kieft,TAM,25,TE,16,6,5,1,2,2.0,1,1,20.0,2,0.1,0.1,20.0%,0.4,,,0,0,,,,,,1,2.0,2,1,,KiefKo00
536,Kwamie Lassiter II,CIN,25,WR,1,0,1,1,2,2.0,0,0,0.0,2,1.0,2.0,100.0%,2.0,,,0,0,,,,,,1,2.0,2,0,,LassKw00
537,Giovanni Ricci,CAR,27,TE,5,0,1,1,2,2.0,0,0,0.0,2,0.2,0.4,100.0%,2.0,,,0,0,,,,,,1,2.0,2,0,,RiccGi00
538,Jeffery Simmons,TEN,26,DT,12,12,1,1,2,2.0,1,1,100.0,2,0.1,0.2,100.0%,2.0,,,0,0,,,,,,1,2.0,2,1,,SimmJe01
539,Zeke Turner,ARI,27,LB,16,1,,,,,0,0,,,,,,,1,2,0,1,100.0,2,2.0,0.1,0.1,1,2.0,2,0,,TurnZe00
540,Case Keenum,HOU,35,QB,2,2,,,,,0,0,,,,,,,2,1,0,0,0.0,1,0.5,0.5,1.0,2,0.5,1,0,1,KeenCa00